STA	LON	LAT	X	START_YEAR	START_MONTH	END_YEAR	END_MONTH
ABE	146.389012	-37.719352	2	1978	2	2030	12
ABEM	146.389012	-37.719352	2	1978	2	2030	12
ADE	138.7136	-34.967	2	1909	00	1958	7
ADE	138.7136	-34.967	2	1958	7	2029	12
AKI1	133.858	-19.728	2	1987	1	1987	1
AKI2	133.903	-19.813	2	1987	1	1987	3
ANSTO	150.980	-34.050	2	2013	1	2599	12
APN	150.82345	-34.17086	2	1992	05	1998	06
APPIN	150.80	 -34.20	1	2013	11	2599	12	
ARG	128.427	-16.7092	3	1994	11	1996	11
ARK	139.339	-30.276	1	1987	10	2031	01
ARMA	151.628	-30.4198	1	1991	09	2031	01
ARPS	141.8383	-36.7699	1	2000	11	2037	12
AS01	133.951	-23.665	1	1970	12	2031	01
AS02	133.9370	-23.6790	1	1970	12	2037	12
AS03	133.9200	-23.6740	1	1970	12	2037	12
AS04	133.9290	-23.6600	1	1970	12	2037	12
AS05	133.9480	-23.6490	1	1970	12	2037	12
AS06	133.9710	-23.6480	1	1970	12	2037	12
AS07	133.9700	-23.6650	1	1970	12	2037	12
AS08	133.9600	-23.6810	1	1970	12	2037	12
AS09	133.9410	-23.6990	1	1970	12	2037	12
AS10	133.9140	-23.6970	1	1970	12	2037	12
AS11	133.6980	-23.6780	1	1970	12	2037	12
AS12	133.9040	-23.6660	1	1970	12	2037	12
AS13	133.8940	-23.6520	1	1970	12	2037	12
AS14	133.9100	-23.6520	1	1970	12	2037	12
AS15	133.9120	-23.6350	1	1970	12	2037	12
AS16	133.9300	-23.6370	1	1970	12	2037	12
AS17	133.9920	-23.6650	1	1970	12	2037	12
AS18	133.9810	-23.6900	1	1970	12	2037	12
AS19	133.962	-23.704	1	1970	12	2031	01
AS31	133.9040	-23.6660	1	2005	6	2037	12
ASAR	133.9044	-23.66664	1	1998	1	2025	12
ASC	149.139	-35.289	1	1994	1	1997	12
ASP	133.900558	-23.68339	1	1970	12	2029	12
AUBRM	122.2321	-17.9565	1	2019	07	2019	07
AUALB	117.904602	-34.9995	1	2012	09	2599	12
AUALC	133.883499	-23.689899	1	2015	08	2599	12
AUAPY	132.1353	-26.284401	1	2018	06	2599	12
AUAYR	147.408798	-19.5774	1	2013	08	2599	12
AUBRM	122.232101	-17.956499	1	2019	07	2599	12
AUBRN	145.868378	-41.04052	1	2017	07	2599	12
AUBSH	152.954697	-26.864	1	2013	08	2599	12
AUBUS	115.382797	-33.660099	1	2013	10	2599	12
AUCAR	113.6586	-24.885099	1	2013	09	2599	12
AUCAS	135.721893	-34.263699	1	2013	08	2599	12
AUCSH	145.768204	-16.915899	1	2013	09	2599	12
AUDAR	149.137695	-35.252998	1	2012	04	2599	12
AUDCS	148.627808	-32.233398	1	2013	05	2599	12
AUDHS	130.832993	-12.44	1	2013	08	2599	12
AUGRF	146.059006	-34.285801	1	2019	02	2599	12
AUHAR	115.891197	-33.092701	1	2014	09	2599	12
AUHPC	142.318298	-38.1068	1	2013	05	2599	12
AUJCS	138.609802	-33.2047	1	2013	08	2599	12
AUKAL	121.478897	-30.7637	1	2013	09	2599	12
AUKAR	116.817802	-20.752001	1	2013	09	2599	12
AUKAT	132.282898	-14.4624	1	2013	08	2599	12
AUKHS	151.382706	-33.464199	1	2013	05	2599	12
AUKSC	145.158401	-37.968399	1	2013	05	2599	12
AUKUL	118.152199	-32.669701	1	2013	10	2599	12
AULHS	147.214996	-41.2519	1	2013	10	2599	12
AULRC	147.979004	-29.426201	1	2013	08	2599	12
AUMAG	144.748199	-36.101601	1	2013	05	2599	12
AUMAR	138.635696	-34.891602	1	2013	08	2599	12
AUMAZ	116.038399	-32.006901	1	2013	12	2599	12
AUMBR	139.285904	-35.133999	1	2016	06	2599	12
AUMHS	149.088806	-35.363499	1	2012	04	2599	12
AUMOU	149.9814	-24.575199	1	2013	08	2599	12
AUMTC	143.877106	-37.608898	1	2013	05	2599	12
AUMTS	148.996399	-35.318802	1	2011	09	2599	12
AUMUL	153.037201	-28.5585	1	2013	08	2599	12
AUNHS	136.783203	-12.1874	1	2013	08	2599	12
AUNRC	150.532898	-23.3529	1	2013	08	2599	12
AUPHS	150.894302	-31.099001	1	2013	05	2599	12
AUPKL	145.901062	-41.080872	1	2016	11	2599	12
AURMK	140.740402	-34.172798	1	2013	08	2599	12
AUROX	136.897095	-30.560101	1	2013	08	2599	12
AURSC	144.886597	-38.368	1	2013	05	2599	12
AUSIS	149.1147	-35.283901	1	2011	09	2599	12
AUSMG	148.608398	-36.4161	1	2013	03	2599	12
AUSSC	147.082504	-38.097698	1	2013	11	2599	12
AUTAR	147.355103	-42.942501	1	2013	11	2599	12
AUTKS	151.025406	-33.784599	1	2014	02	2599	12
AUTOO	151.966797	-27.5452	1	2013	08	2599	12
AUUHS	150.469604	-35.358898	1	2013	09	2599	12
AUWSH	153.037201	-27.397699	1	2013	06	2599	12
AUC	174.7781	-36.86	1	1941	4	2025	12
AVD	150.615	-34.3764	1	1992	1	1992	9
AVDT	150.615	-34.3764	1	1992	9	1995	1
AVL	149.248	-34.751	2	1986	1	1995	12
AVO	150.615	-34.3764	1	1958	1	1992	1
AVOC	150.615	-34.3764	1	1995	6	2029	12
AWD	151.3157	-24.078	1	1987	7	1998	12
AWG	151.3157	-24.0462	1	1981	9	1987	4
AWOON	151.31468	-24.07732	1	2009	04	2599	01
BAL	116.7067	-30.6067	1	1982	8	1999	10
BANM	144.25	-38.052	1	1996	3	2599	1	
BBBY	141.3988	-35.9591	3	1987	12	1988	2
BBOO	136.0564	-32.8097	1	1995	12	2025	12
BCS	147.1311	-20.6198	2	1981	1	1981	1
BDAY	141.8587	-35.8909	2	1987	12	1988	2
BDM	151.4444	-26.1123	1	1980	07	2002	09
BEEN	153.198	-27.7276	1	2003	2	2025	12
BEL	146.3784	-37.7611	3	1986	3	1996	5
BEMB	149.578	-36.576	2	2011	11	2001	12
BFD	142.5444	-37.1761	2	1972	10	2001	5
BGC	147.1609	-20.614	1	1981	02	1985	04
BGD	152.1092	-25.5282	2	1994	12	2000	12
BGR	147.1052	-20.5492	1	1981	02	1991	10
BIG	147.03901	-37.46163	3	1982	11	1982	12
BJD	148.5819	-35.0041	3	1995	4	2001	8
BJE	148.646	-34.9505	2	1995	4	2001	8
BJEM	148.646	-34.9505	2	1995	4	2001	8
BK1	116.9971	-30.5195	2	2001	10	2002	8
BK10	117.1069	-30.4869	3	2002	6	2002	10
BK2	116.9421	-30.4524	2	2001	10	2001	12
BK3	117.2963	-30.2444	2	2001	10	2001	12
BK4	117.1026	-30.4740	3	2002	3	2002	6
BK5	117.1219	-30.5194	3	2002	3	2002	8
BK6	117.0850	-30.5161	3	2002	3	2002	8
BK7	117.1815	-30.4597	3	2002	3	2002	8
BK8	117.2198	-30.5803	3	2002	3	2002	8
BK9	116.9810	-30.6302	3	2002	3	2002	8
BKN	117.127	-30.494	3	1979	6	1979	8
BLDU	116.7091	-30.6119	1	1999	11	2037	12
BLP	145.4225	-17.758	3	1990	1	1995	1
BMB	149.097	-35.278	3	2011	11	2030	12
BMEBF	122.3094	-17.8683	1	2021	09	2599	12
BMG	147.0608	-20.6142	2	1981	2	1985	4
BN1H	153.024002	-27.430599	5	2012	5	2599	12
BN2S	153.047699	-27.3293	5	2009	1	2599	12
BNB	151.7872	-25.6862	2	1995	9	2000	12
BNDM	151.45215	-26.0951	2	1984	2	2002	9
BNG	147.3121	-21.344	2	1985	5	1985	8
BOGA	143.5753	 -35.5470	1	2016	4	2599	12	
BOON	151.4521	-26.0951	1	2002	9	2025	12
BOV	147.2267	-36.8083	1	1963	0	1967	0
BR1	153.0237	-27.4306	3	2001	6	2032	12
BR2	153.0693	-27.4314	3	2002	6	2032	12
BRAT	143.931	-37.55	2	1999	8	2012	12
BRAT	143.932999	-37.548901	2	2013	3	2599	12
BRD	144.09941	-36.89189	1	1992	9	1999	2
BRDY	144.09681	-36.89115	2	1992	5	1992	9
BRIG	147.0576	-37.7565	1	2021	09	2599	01
BRS	152.775	-27.3917	1	1963	2	2025	12
BRSB	153.0311	-27.478	2	1937	00	1963	2
BSFN	146.2121	-38.45041	2	1995	2	1995	3
BSL	146.564	-20.867	2	1984	03	1990	05
BSY	146.297	-38.4449	3	1985	10	1986	3
BUC	143.4981	-36.23843	1	1983	7	2025	12
BUCM	143.4981	-36.23843	1	1983	7	2025	12
BUCHN	148.0961	-37.5292	1	2021	09	2599	01
BUD	150.67066	-34.67626	1	1993	9	2025	12
BUDM	150.67066	-34.67626	1	1993	9	2025	12
BUNN	144.58	-35.792	3	1988	7	1988	9
BURD	147.1218	-20.6232	1	1991	10	2031	01
BUV	148.1683	-37.4983	1	1964	1	1966	0
BWA	148.7517	-34.425	1	1971	1	1995	1
BWN	148.126	-20.022	1	1995	9	2000	6
BW1H	148.236099	-20.004499	1	2012	8	2000	6
BW2S	148.223206	-19.9984	1	2012	8	2000	6
BYFQ	150.626	-22.82	1	1991	8	1992	4
CAA	117.151	-30.746	2	1993	8	2001	10
CAAN	121.5129	-19.2643	2	1993	8	2001	10
CA1	117.1447	-30.7824	2	2000	9	2001	10
CA2	117.2172	-30.5274	2	2000	9	2001	10
CA3	117.0478	-30.5100	2	2000	9	2002	7
CA4	117.0929	-30.6508	2	2000	9	2001	10
CAB	148.4431	-35.9267	1	1959	1	1971	12
CAH	149.2417	-34.6467	1	1970	1	1993	1
CARL	115.9267	-31.9835	1	2009	8	2599	12	
CAN	148.998322	-35.32	1	1958	1	2029	12
CANM	116.128	-32.152	3	2005	1	2032	12
CATI	150.9179 	-33.5579	2	2016	10	2599	12
CAV	151.62375	-29.64782	2	1994	8	2025	12
CAWDR	150.6743	 -34.1168	1	2014	2	2599	12	
CBR	148.393341	-35.943333	1	1971	12	1993	1
CCQ	145.5674	-17.8493	2	1990	1	1995	0
CCRM	143.972	-36.991	1	1995	7	2012	1	
CCRS	143.97217	-36.99063	1	2011	11	2030	12
CDN	145.42518	-37.94616	2	1996	4	2000	12
CDNM	145.42518	-37.94616	2	2000	12	2029	12
CHAM	151.1379	-31.3497	3	1996	6	2030	12
CHF	151.1164	-31.3265	2	1996	12	2030	12
CHFM	151.1164	-31.3265	2	1996	12	2030	12
CHI	151.6808	-32.2430	2	1989	12	2037	12
CHIL	144.5306	-17.1504	1	2002	12	2031	01
CKTY	123.5934	-16.0871	3	1997	8	1997	12
CLAW	146.183	-41.492	3	2003	7	2032	12
CLBY	151.7453	-32.89611	3	1989	12	1990	1
CLQY	122.9317	-16.3997	3	1997	8	1997	12
CLV	136.4955	-33.6911	2	1963	10	2025	12
CMC	117.0964	-30.7916	3	1997	3	2037	12
CMS	145.8283	-31.4867	1	1982	12	1995	06
CMSA	145.6903	-31.539	1	1995	06	2031	01
CNB	149.3633	-35.3150	1	1979	11	2037	12
CN1H	145.710602	-16.910999	3	2012	1	2025	12
CN2S	145.723801	-17.0215	3	2012	1	2025	12
CNS1	145.7359	-16.9541	3	1997	3	2025	12
CNS2	145.7105	-16.911	3	1997	03	2031	01
COEN	143.1758	-13.9563	1	2002	10	2037	12
COL	143.664	-38.356	3	1981	3	1981	10
COMY	143.83199	-36.97246	2	1991	5	1991	5
CONY	151.27918	-32.99049	3	1994	8	1994	8
COO	151.8916	-30.5777	1	1974	4	1991	9
COOL	121.1450	-30.8833	1	1988	8	1999	2
COP	150.93469	-29.91775	2	1994	08	2031	01
COPM	150.93469	-29.91775	2	1994	08	2031	01
CORA	148.8386	 -35.5367	1	2011	7	2599	12	
CORO	147.145	-41.4522	3	1996	12	2029	12
CORR	117.7053	-32.1892	2	1983	9	1983	11
COTT	148.92	-35.32	1	2000	1	2599	1	
CPX	150.62474	-34.47647	2	1992	6	2029	12
CPXM	150.62474	-34.47647	2	1992	6	2029	12
CRBY	151.23522	-32.92981	2	1994	8	1994	8
CRN	143.972	-36.991	1	1995	07	1999	07
CRC	150.2799	-25.2535	2	1990	07	1994	12
CRD	143.97217	-36.99063	2	1989	9	2001	8
CSY	110.5289	-66.2894	1	1990	11	2037	12
CTA	146.255	-20.0883	1	1957	0	1963	0
CTA	146.255	-20.0883	1	1963	00	2031	01
CTAO	146.254501	-20.0882	1	1991	1	1963	0
CTB	150.81072	-34.26481	2	1992	6	2029	12
CTBM	150.81072	-34.26481	2	1992	6	2029	12
CTD	150.80229	-34.2672	3	1992	6	2025	12
CVL	147.609	-20.59	1	1985	04	1991	04
DAL	149.174	-34.726	2	1985	3	2025	12
DAM	116.8715	-30.4304	2	2001	9	2001	10
DAR	130.8183	-12.4083	2	1961	1	1972	6
DAVI	151.2	-33.9	3	1996	6	2025	12
DBG	147.299	-20.275	2	1984	3	1984	4
DDB	147.51147	-36.55777	2	1989	7	2029	12
DDBM	147.51147	-36.55777	2	1989	7	2029	12
DDC	147.52411	-36.56085	3	1989	6	2029	12
DDCM	147.52411	-36.56085	3	1989	6	2029	12
DERBY	123.648882	-17.314443	1	2022	1	2599	1
DLBQ	147.267	-20.14911	2	1984	4	2032	12
DLN	149.182	-34.7233	2	1961	0	1971	1
DNG	146.475	-20.555	2	1984	02	1997	05
DNL	138.643	-34.901	2	2010	1	2010	12
DON	150.71294	-34.35898	2	1992	5	1998	6
DOW	116.982	-31.010	1	1990	1	2004	12
DPH	130.8990	-12.4320	3	1990	1	2037	12
DPT	145.8227	-17.9127	2	1994	1	1995	0
DRA	147.37543	-35.96543	1	1993	6	2030	12
DRAM	147.37543	-35.96543	1	1993	6	2030	12
DRG	151.292	-26.286	3	1994	1	1995	08
DRO	144.9969	-38.3595	2	1987	5	1996	4
DROM	144.959787	-38.3482125	2	2003	1	2032	12
DRS	130.8420	-12.4670	3	1995	3	2037	12
DRT	147.491623	-36.583347	2	1975	12	1989	06
DTM	147.4686	-36.52931	2	1989	6	2025	12
DTMM	147.4686	-36.52931	2	1989	6	2025	12
DVB	145.0977	-38.2874	2	1996	4	2029	12
DVBM	145.0977	-38.2874	2	1996	4	2029	12
DVBX	145.098	-38.287	1	1996	04	2010	02	
EASTN	150.96468	-23.86409	1	2009	04	2599	01
EDO	138.0833	-32.5333	1	1977	11	1984	12
EDV	150.978	-25.438	2	1994	12	2000	12
EIDS	151.0817	-25.369	1	2002	03	2031	01
ELLY	151.32665	-32.93594	2	1994	8	1994	8
EMMO	117.123	-30.895	3	1987	1	2029	12
EPS	115.881	-31.945	1	1990	1	2004	12
EUAB	148.35842	-33.42728	3	1994	8	1995	1
EUAD	148.37367	-33.40243	2	1994	8	1995	1
EUAN	148.358	-33.4273	3	1995	3	1995	6
EUBG	148.36675	-33.42063	2	1994	8	1995	4
EUCH	148.37079	-33.42862	3	1994	8	1994	12
EUCT	148.32719	-33.41437	2	1994	8	1994	8
EUEU	148.37079	-33.42862	3	1994	8	1994	8
EUG	148.3418	-33.4182	2	1995	1	2029	12
EUGM	148.3418	-33.4182	2	1995	1	2029	12
EUGQ	148.32805	-33.41337	2	1994	8	1995	1
EUGY	148.37972	-33.43543	3	1994	8	1995	6
EUKM	148.34832	-33.37637	2	1994	8	1994	9
EUKN	148.34793	-33.37908	2	1994	9	1995	6
EURH	148.36853	-33.45882	2	1994	8	1994	8
EUSH	148.34267	-33.4073	2	1994	8	1995	1
FAIR	148.07725	-23.65648	1	2003	7	2032	12
FAW	117.0124	-30.3284	2	2001	9	2001	10
FINNS	150.7264	 -34.1576	1	2014	2	2599	1	
FITZ	125.6390	-18.1020	1	1994	9	2037	12
FLAT	117.147	-30.717	2	1987	5	1987	8
FND	149.166	-34.745	3	1986	3	1997	12
FNT	147.35361	-42.9265	2	1957	1	1962	0
FORR	128.0673	-30.7992	1	1988	7	1992	5
FORT	128.059	-30.799	1	1992	5	2025	12
FR01	138.89927	-31.32351	1	2003	9	2006	6
FR02	138.4024	-31.5083	1	2003	10	2006	6
FR03	138.88334	-31.61754	1	2003	9	2006	6
FR05	138.86921	-31.96259	1	2003	9	2006	6
FR06	138.0302	-31.97556	1	2003	9	2006	6
FR09	137.93256	-32.48257	1	2003	9	2006	6
FR10	138.41008	-32.53816	1	2003	9	2006	6
FR13	138.56831	-33.12493	1	2003	9	2006	6
FR14	138.57565	-33.47089	1	2003	9	2006	6
FR15	138.12696	-33.54398	1	2003	9	2006	6
FR16	138.91892	-33.77925	1	2003	9	2006	6
FR17	138.9645	-33.03618	1	2003	9	2006	6
FR18	137.97797	-32.69652	1	2003	9	2006	6
FR19	138.5897	-32.7633	1	2002	10	2006	6
FR20	138.6278	-32.2315	1	2002	10	2006	6
FR21	138.5525	-31.7644	1	2002	10	2006	6
FR22	138.9336	-33.0695	1	2002	10	2006	6
FR27	138.6230	-31.523	1	2005	3	2010	8
FRED	151.89696	-24.89847	2	2004	2	2032	1
FRT	143.71596	-38.53376	3	1981	10	2025	12
FRTM	143.716	-38.534	3	1981	10	2025	12
FRZ	147.09389	-37.03749	3	1982	11	1982	11
FS03	151.8667	-25.1068	2	2001	1	2025	12
FSH	145.9996	-38.7565	2	1995	1	2030	12
FSHM	145.9996	-38.7565	2	1995	1	2030	12
FSK	145.9941	-38.753	2	1994	2	1995	1
FSK	145.9996	-38.7565	2	1995	1	1998	1
FTZ	150.48384	-34.64215	2	1992	5	2025	12
FTZM	150.48384	-34.64215	2	1992	5	2025	12
GC1	153.3617	-27.948	2	1995	07	2031	01
GC2	153.4539	-28.1363	3	1997	02	2031	01
GC1S	153.511505	-28.161699	3	2009	1	2599	12
GC2F	153.395798	-27.912201	3	2009	1	2599	12
GD1S	151.169006	-23.8421	2	2010	07	2031	01
GEAM	144.389	-38.153	3	1998	5	2030	12
GEE	148.1825	-36.4197	1	1958	1	1968	0
GEES	147.1236	-41.4453	3	1995	4	2029	12
GEK	134.063	-19.429	2	1987	1	1987	3
GEX	140.8251	-37.0735	3	1989	12	2006	5
GEXS	144.289993	-38.200802	1	2013	03	2599	12
GGD	149.264	-35.425	3	1986	5	2025	12
GHS	138.599	-34.921	3	1993	10	2029	12
GHSS	138.6017	-34.9194	3	2009	1	2029	12
GIRL	114.234	-22.643	2	1995	9	2025	12
GLAD	148.02	-40.97	2	1996	1	2029	12
GLADS	151.26812	-23.86973	1	2009	04	2599	01
GLB	144.2498	-38.0515	2	1996	3	2029	12
GLD	151.4797	-28.9694	2	1991	01	2001	07
GLEAD	150.7655	 -34.1148	1	2014	2	2599	1	
GLL	143.3956	-36.1382	2	1985	6	1985	9
GLLA	143.40488	-36.14031	2	1996	3	1996	3
GLM	146.799	-37.902	2	1996	12	2030	12
GLMM	146.799	-37.902	2	1996	12	2030	12
GLNM	151.2464	-32.3662	2	1996	12	2025	12
GLS	128.2956	-25.0353	1	1974	10	1978	4
GBAM	150.9993	-32.1114	3	1996	6	2025	12
GBBM	150.9725	-32.0925	2	1996	2	2029	12
GOG	142.39958	-36.88823	2	1989	7	2029	12
GOGM	142.39958	-36.88823	2	1989	7	2029	12
GOK	116.852	-31.338	1	2000	1	2004	12
GOO	116.852	-31.394	2	1988	12	2025	12
GOOG	149.258	-35.423	2	1900	1	2599	12
GORD	146.053329	-42.751663	3	2003	7	2006	9
GORD	145.973	-42.7317	3	2001	5	2025	12
GRV	150.30915	-33.66182	2	1992	4	2025	12
GRVM	150.30915	-33.66182	2	1992	4	2025	12
GUNY	151.73212	-32.95839	3	1989	12	1990	1
GVA	147.4827	-21.489	2	1986	03	1987	06
GVD	144.90062	-37.61862	1	1976	1	2012	12
GVL	144.90062	-37.61862	1	1976	1	2012	12
GVL	144.8990	-37.6214	1	2013	1	2599	12
GVLM	144.90062	-37.61862	1	1976	1	2012	12
HBG	144.30587	-38.1862	3	1995	10	2025	12
HCGY	151.66944	-32.96477	3	1989	12	1990	1
HCT	149.1680	-34.7700	3	1993	9	1997	6
HEX	142.778	-37.928	2	1998	9	2025	12
HEXM	142.778	-37.928	2	1998	9	2025	12
HINZ	153.2807	-28.0511	2	2003	02	2031	01
HWK	135.2035	-29.9578	2	1981	06	2031	01
HKN	135.186	-30.012	1	1975	8	1981	4
HLA	150.9164	-33.5225	1	1959	1	1970	0
HOP	144.20458	-35.99638	1	1983	7	2029	12
HOPM	144.20458	-35.99638	1	1983	7	2029	12
HRD	145.65	-17.76	2	1990	01	1993	12
HTT	138.9217	-33.4305	1	1962	02	2031	01
HUM	147.029	-36.111	3	1993	6	2029	12
HUTY	144.13623	-36.89122	2	1991	5	1991	5
INKA	140.7456	-27.741	2	2013	6	2599	12
INV	149.666656	-34.965004	1	1959	1	1972	8
ISQ	139.555	-20.7167	1	1980	01	1987	00
IVN	149.666656	-34.966663	1	1972	09	1982	09
IVY	149.7183	-34.9722	1	1983	6	1992	12
IVS	147.06814	-36.13379	2	1993	6	2029	12
IVSM	147.06814	-36.13379	2	1993	6	2029	12
JBD	150.049	-33.762	1	1993	08	1995	06
JBR	150.04862	-33.76183	2	1983	8	2025	12
JBRM	150.04862	-33.76183	2	1983	8	2025	12
JEER	146.41697	-38.34758	1	2015	10	2599	01
JEN	146.41976	-38.35069	2	1979	11	2025	12
JENM	146.41976	-38.35069	2	1979	11	2025	12
JIN	148.5931	-36.4394	1	1958	1	1972	0
JNL	150.0172	-33.8258	1	1959	05	1983	08
JOHN	144.08607	-36.8722	2	1991	5	1992	7
K01	116.8638	-31.025	2	1983	10	1983	11
K02	117.3583	-31.0417	2	1983	10	1983	11
K03	117.5125	-30.6375	2	1983	10	1983	11
K04	117.1602	-30.4118	2	1983	10	1983	11
K05	117.0858	-30.6737	2	1983	10	1983	11
K06	117.115	-30.6737	2	1983	10	1983	11
K07	117.147	-30.673	2	1983	10	1983	11
K08	117.1792	-30.6792	2	1983	10	1983	11
K09	117.0869	-30.7028	2	1983	10	1983	11
K10	117.1183	-30.7037	2	1983	10	1983	11
K11	117.1488	-30.7067	2	1983	10	1983	11
K13	117.0913	-30.7217	2	1983	10	1983	11
K14	117.1198	-30.7308	2	1983	10	1983	11
K15	117.153	-30.7257	2	1983	10	1983	11
K16	117.1873	-30.7257	2	1983	10	1983	11
K17	117.0754	-30.7578	2	1983	10	1983	11
K18	117.1123	-30.7587	2	1983	10	1983	11
K19	117.1533	-30.7564	2	1983	10	1983	11
K20	117.1833	-30.7567	2	1983	10	1983	11
KAA	116.858	-20.777	2	1971	2	1972	7
KAKA	132.4396	-12.7115	1	1995	3	2008	12
KALJ	117.151	-30.746	3	1987	1	2029	12
KALY	151.343	-32.8994	2	1994	8	1994	8
KAN	150.0668	-33.9966	2	1993	9	2029	12
KANM	150.0668	-33.9966	2	1993	9	2029	12
KBH	149.08	-35.39	3	1985	1	2029	12
KDA	145.63	-16.825	3	1959	00	1964	00
KDU	132.4727	-12.6869	1	2008	3	2037	12
KELC	136.907806	-35.979099	1	2018	06	2599	12
KGD	145.269367	-37.698794	1	1976	10	1984	12
KHA	148.128342	-36.213337	1	1968	1	1993	1
KHC	136.9111	-35.9825	2	1988	6	2029	12
KIM	151.7507	-32.9518	3	1989	12	2025	12
KIM01	126.86368	-18.62346	1	2022	1	2599	1
KIM02	125.52719	-18.91608	1	2022	1	2599	1
KIM03	124.69036	-18.54578	1	2022	1	2599	1
KIM04	124.81043	-17.92817	1	2022	1	2599	1
KIM05	124.18922	-17.99156	1	2022	1	2599	1
KIM06	123.4563	-18.50626	1	2022	1	2599	1
KIM07	123.1646	-17.9336	1	2022	1	2599	1
KIM08	124.80778	-17.32295	1	2022	1	2599	1
KIM09	123.0323	-17.4795	1	2022	1	2599	1
KIM10	125.70432	-17.05028	1	2022	1	2599	1
KING	150.7420	-33.7630	3	1996	6	2025	12
KITY	151.36715	-32.90852	2	1994	8	1994	8
KLB	117.76	-31.5917	1	1981	9	2025	12
KLBR	117.7546	-31.5915	1	1981	9	2025	12
KLG	121.4583	-30.7833	1	1964	0	1986	5
KLGA	121.4383	-30.7167	1	1986	5	1988	8
KLGGI	121.761033	-30.283214	1	2022	1	2599	1
KLGHH	121.752683	-30.750014	1	2022	1	2599	1
KLGHS	121.473347	-30.746267	1	2022	1	2599	1
KMBL	121.8906	-31.3682	1	2000	11	2037	12
KNA	128.7667	-15.7500	1	1965	11	2008	12
KNRA	128.7628	-15.6769	1	2008	8	2059	12
KONY	151.73535	-32.86687	3	1989	12	1990	1
KOO1	117.76	-30.65	1	2005	1	2006	12
KOO2	116.999	-30.51	1	2005	1	2006	12
KOO3	117.3449	-30.0621	1	2006	1	2007	9
KOOL	119.487	-30.781	2	1983	9	1983	11
KORUM	145.851	-38.406	1	2009	3	2011	1
KOW	149.2983	-35.2883	1	1975	10	1979	11
KOW	144.5201	-35.7885	2	1997	5	2025	12
KOWM	144.5201	-35.7885	2	1997	5	2025	12
KOWA	144.5214	-35.7909	2	1988	7	1997	5
KPAM	150.4902	-30.8791	3	1996	6	2025	12
KPK	115.842	-31.96	3	2001	10	2006	12
KPT	150.4819	-30.8851	2	1997	2	2029	12
KPTM	150.4819	-30.8851	2	1997	2	2029	12
KTL	150.40426	-33.8621	2	1993	10	2025	12
KTLM	150.40426	-33.8621	2	1993	10	2025	12
LAKY	144.03577	-36.90137	1	1991	5	1991	5
LBX	150.87355	-34.27212	1	1992	6	2029	12
LBXM	150.87355	-34.27212	1	1992	6	2029	12
LCRK	138.2162	-30.4472	1	2013	6	2599	12
LEAH	146.45141	-42.303329	3	2003	7	2032	12
LER	149.365005	-34.934998	1	1970	1	1993	1
LGT	147.46358	-36.76326	2	1989	5	2025	12
LGTM	147.46358	-36.76326	2	1989	5	2025	12
LHB	150.97865	-34.05367	2	1988	0	2025	12
LHBM	150.97865	-34.05367	2	1988	0	2025	12
HBM	150.97865	-34.05367	2	1988	0	2025	12
LHR	150.978	-34.053	3	1988	0	2025	12
LICO	146.64724	-37.67143	3	1997	2	1997	4
LIL	145.342392	-37.693582	1	1976	9	1984	12
LM01	116.7914	-34.3950	1	2018	9	2019	3
LM02	116.6405	-34.4928	1	2018	9	2019	3
LM03	116.9292	-34.3677	1	2018	9	2019	3
LM04	116.6456	-34.3380	1	2018	9	2019	3
LM05	116.3249	-34.3834	1	2018	9	2019	3
LMT	146.1517	-41.61	1	1969	9	1971	8
LOG	146.34011	-37.79239	2	1990	12	1992	1
LOS	151.4556	-32.3304	2	1996	12	2029	12
LOSM	151.4556	-32.3304	2	1996	12	2029	12
LOSZ	151.4556	-32.3304	2	1996	12	2029	12
MABG	150.7601	-34.0721	2	2016	8	2599	12
MAC	144.69102	-37.43028	2	1999	4	2006	11
MACM	144.69102	-37.43028	2	1999	4	2006	11
MAL	146.291858	-37.749053	2	1978	1	1988	9
MALDN	150.6660	-34.1969	1	2014	2	2599	12	
MAN	117.1483	-30.8775	2	1983	10	1983	11
MARG	145.55162	-41.99952	3	2003	7	2032	12
MAW	62.8716	-67.6066	2	1956	7	2029	12
MBA	146.2369	-34.125	2	1961	0	1962	0
MBL	119.8333	-21.1600	1	1976	6	2001	6
MBWA	119.7312	-21.1590	1	2001	7	2037	12
MCPQ	146.8065	-20.5499	2	1984	02	2031	01
MCQ	158.9566	-54.4983	2	1950	07	2031	01
MCV	145.89867	-37.69085	2	1990	8	1999	6
MDRM	146.379	-38.099	2	1999	6	2030	12
MEEK	118.6140	-26.6380	1	1992	6	2037	12
MEG	150.036652	-35.10067	1	1978	5	1993	1
MEK	118.5450	-26.6133	1	1967	10	1986	4
MEKA	118.5333	-26.6150	1	1986	5	1991	6
MEL	144.9733	-37.8317	2	1902	04	1977	12
MEM	144.49613	-37.63576	2	1983	7	1999	4
MGCD	151.1075	-33.2076	1	1997	2	2025	12
MGBR	140.5728	-37.726299	2	2018	6	2599	12
MGR	140.571823	-37.728298	2	1997	1	2025	1
MGR	140.571823	-37.728298	3	1980	4	1985	1
MGR2	140.6865	-37.8001	2	1985	1	1997	1
MHL	151.2567	-33.7835	3	1993	12	2025	12
MHP	146.802	-21.396	2	1984	04	1990	05
MIC	146.359389	-37.903344	2	1977	12	1999	5
MIKA	145.18115	-40.87806	2	2007	6	2025	12
MILA	149.1550	-37.0547	1	2001	7	2037	12
MILD	142.15	-34.17	1	2016	4	2599	12	
MIT	147.65871	-36.73171	2	1989	6	2025	12
MITM	147.65871	-36.73171	2	1989	6	2025	12
MLBS	144.89437	-37.82915	1	2013	3	2599	12
MLW	145.5105	-37.1368	1	1985	6	2025	12
MLWM	145.5105	-37.1368	1	1985	6	2025	12
MNH	145.8	-17.97	2	1990	01	1994	00
MNT	151.1412	-24.8317	2	1994	12	2031	01
MOE3	146.312	-38.183	1	2012	6	2012	12
MOE4	146.102	-38.241	1	2012	6	2012	12
MOO	147.190002	-42.441669	1	1960	00	2031	01
MOON	146.389	-38.091	1	2012	01	2599	01
MOR	117.0890	-31.6590	1	1978	7	1979	12
MORG	150.3901	-23.7627	2	2001	09	2031	01
MORW	116.0388	-29.0683	1	1999	10	2037	12
MOSY	151.69517	-32.92464	3	1989	12	1990	1
MP1	149.3110	-35.1904	3	2002	1	2002	3
MPD	144.9064	-37.7689	3	1993	10	2025	12
MPDM	144.9064	-37.7689	3	1993	10	2025	12
MPR	151.6188	-25.2053	3	1994	12	2000	12
MR2A	148.18	-36.243	3	1995	12	2025	12
MR2D	148.181	-36.244	3	1995	12	2025	12
MRAT	nan	nan	3	1995	12	2025	12
MRVQ	150.67509	-22.95484	2	1992	04	1997	01
MRWA	115.9960	-29.2180	1	1984	6	1999	10
MSB	146.2923	-37.7421	2	1988	10	1989	6
MTCL	146.183	-41.492	2	2002	9	2003	7
MTHY	124.9164	-16.822	2	1997	8	1997	12
MTKN	115.7737	-31.9333	2	2009	6	2599	12
MTL	146.5642	-38.4015	3	1995	11	1998	12
MTLX	146.564	-38.402	3	1995	11	1997	7
MTLY	146.55655	-38.39274	3	1990	7	1992	3
MTLZ	146.5705	-38.4131	3	1992	3	1995	11
MTMQ	150.39014	-23.76265	2	1990	08	2001	09
MTN	131.1300	-12.8467	1	1972	6	1995	3
MTRD	145.5436	-41.8464	1	1991	3	2003	7
MTSU	144.3194	-18.14839	1	2002	03	2031	01
MTV	146.565	-38.4017	1	1964	0	1970	0
MULG	134.0585	-30.2818	1	2013	5	2599	12
MUN	116.2083	-31.9783	1	1959	1	2037	12
MYLY	151.34626	-32.95099	3	1994	8	1994	8
MYS	138.2154	-30.4513	3	1994	12	1995	6
NANU	115.5	-22.545	2	1987	10	1994	12
NAP	138.145	-33.184	2	1996	8	2025	12
NAPP	138.1478	-33.1828	2	2009	1	2025	12
NAR	147.84481	-36.43023	2	1995	5	2025	12
NARM	147.84481	-36.43023	2	1995	5	2025	12
NAT	150.42669	-34.20607	1	1992	5	2025	12
NATM	150.42669	-34.20607	1	1992	5	2025	12
NAU	115.5000	-22.5450	2	1980	4	1987	10
NBK	137.983	-32.701	1	1979	5	2025	12
NELS	147.33259	-42.92708	2	2006	3	2032	12
NIA	167.9600	29.0417	2	1969	12	1977	5
NJCY	151.73999	-32.93141	2	1989	12	1990	1
NLD	151.7009	-32.9003	3	1991	0	2025	12
NNO	116.2567	-30.99	2	1983	10	1983	11
NOR09	122.0686	-32.3837	1	2016	8	2016	12
NOR10	122.6187	-32.2679	1	2016	8	2016	12
NOR11	122.0893	-32.4179	1	2016	8	2016	12
NOR12	122.3764	-32.4055	1	2016	8	2016	12
NPS	151.8	-32.9	3	1990	6	1995	9
NTLH	151.703003	-32.8983	1	2012	9	2599	12
NTLS	151.762497	-32.931999	1	2010	9	2599	12
NUMB	151.731	-32.91	3	1995	9	2025	12
NWA	117.2333	-32.9266	1	1975	9	2029	12
NWAO	117.239000	-32.927700	1	1994	1	2599	12
OKDL	150.4805	-34.0707	1	2017	2	2599	12
OOD	135.6880	-27.7944	3	2013	5	2599	12
OOL	149.163	-34.773	3	1986	0	1998	1
PAT	146.455572	-37.857253	2	1978	2	1998	12
PCV	144.9316	-37.73	3	1976	2	1976	9
PDA	137.2389	-35.8059	1	1990	3	2025	12
PDD	151.2429	-29.3801	2	1995	9	2025	12
PDE	151.294	-29.365	2	1995	10	1996	6
PEG	144.08994	-36.98426	2	1982	4	1996	9
PER	115.8394	-31.9527	2	1901	0	1963	8
PETE	148.42337	-20.43879	2	2004	4	2031	01
PFD	148.3746	-20.3858	1	1991	04	1998	10
PHB	149.1230	-35.3100	3	1988	1	2037	12
PHD	150.969	-33.847	3	1992	6	2025	12
PHDM	150.969	-33.847	3	1992	6	2025	12
PIG	116.9262	-30.5703	2	2001	9	2001	11
PIG2	116.7918	-30.8476	2	2001	10	2002	8
PIG3	116.4837	-30.3152	2	2001	10	2002	8
PIG4	116.1669	-31.7479	2	2001	10	2002	8
PIN	118.6143	-33.5165	3	1989	8	1989	12
PIN	151.24073	-29.39771	2	1994	08	1998	01
PMG2	140.685	-37.799	2	1990	2	1992	0
PNA	138.1647	-32.0057	1	1969	9	2000	2
PND	145.270883	-37.634592	2	1988	8	1995	6
POAT	146.90286	-41.8291	1	2003	7	2032	12
POL	145.80104	-37.62636	3	1990	8	1996	4
PSA00	119.8458	-21.5725	3	2011	1	2599	12
PSAA3	119.854873	-21.578084	3	2011	1	2599	12
PSAD2	119.962402	-21.61713	3	2011	1	2599	12
PTA	146.455572	-37.857253	3	1978	2	1996	5
PTJY	125.0539	-15.9601	2	1997	8	1997	12
PTPS	137.9943	-33.1725	2	2009	1	2599	12
PYV	143.2842	-38.365	3	1970	1	1972	0
QFS	151.39142	-32.93264	3	1993	1	2025	12
QIS	139.6052	-20.5577	1	1987	6	2025	12
QLP	144.2348	-26.5837	1	1989	8	2025	12
RABL	152.163696	-4.1912	2	2009	4	2001	12
RAV1	120.6003	-33.6399	2	2001	10	2001	12
RAV2	120.7963	-33.7449	2	2001	10	2001	12
RDSS	151.9168	-24.6238	3	2004	08	2031	01
RIV	151.1583	-33.83	1	1909	01	2031	01
RK1	150.4938	-23.3886	3	2001	05	2031	01
RK2	150.5248	-23.3825	3	2001	12	2031	01
RK1H	150.493896	-23.3876	3	2008	12	2031	01
RK2S	150.521606	-23.3102	3	2008	12	2031	01
RKG	117.0104	-34.5698	1	1983	8	2025	12
RKGY	116.9773	-34.6094	1	1999	9	2025	12
RMMY	151.79032	-32.9274	3	1989	12	1990	1
RMQ	148.755	-26.489	1	1984	08	2031	01
RNDA	149.0817	-35.2583	3	1998	7	2029	12
ROCK	144.05115	-36.89229	2	1993	3	1991	7
ROKM	141.955	-37.242	2	1999	3	2030	12
ROKL	141.95676	-37.23329	1	2009	3	2009	4
ROW	144.2918	-37.8061	2	1999	1	2025	12
ROWM	144.2918	-37.8061	2	1999	1	2025	12
ROY	145.28854	-37.63986	2	1995	6	2025	12
ROYM	145.28854	-37.63986	2	1995	6	2025	12
RPA	137.4033	-32.725	1	1977	9	2025	12
RUS	144.94726	-36.66421	2	1983	6	2025	12
RUSM	144.94726	-36.66421	2	1983	6	2025	12
RVH	145.484	-17.6332	1	1990	01	1993	10
SAV	147.1889	-41.7208	1	1961	00	2031	01
SBR	149.533325	-35.425007	1	1976	12	1995	1
SBSV	146.29758	-38.42787	2	2000	8	2001	12
SCOT	146.30165	-43.03095	3	2003	7	2032	12
SCY	145.337	-17.878	2	1990	01	1993	12
SDN	139.3374	-34.5093	2	1990	4	2018	12
SDAN	139.3380	-34.5073	2	2018	6	2029	12
STPK	150.980	-34.233	1	2012	4	2599	12	
YAPP	138.3119	-31.8663	2	2018	6	2029	12
SFF	146.3075	-41.3375	1	1969	8	2025	12
SGTH	145.90461	-38.63808	2	2011	11	2002	12
SHY	145.11	-37.826	3	1993	10	2025	12
SHYM	145.11	-37.826	3	1993	10	2025	12
SIN	146.292	-37.739	2	1989	6	1996	11
SMBT	146.30129	-38.59975	2	2011	11	2030	12
SPF	149.151	-34.765	3	1986	7	1998	1
SPG	149.124	-34.762	3	1986	0	1995	1
SPK	146.275009	-43.03833	1	1972	7	2003	7
SPRM	150.6877	-30.5748	2	1996	06	2031	01
SRA	151.235	-29.381	2	1995	7	1995	9
SRCHQ	145.0114	-37.8189	1	2021	1	2599	12
STG	146.053329	-42.751663	1	1972	7	2025	12
STK	141.5918	-31.8817	1	1974	4	1994	4
STKA	141.5952	-31.8769	1	1994	3	2025	12
STN	146.56218	-37.88507	3	1996	9	1996	11
STPT	151.4979	-25.7569	2	2005	04	2031	01
SVR	145.21167	-41.488335	1	1975	6	1991	3
SYD	151.2	-33.8666	3	1906	0	1948	0
SYDH	150.7417	-33.7619	3	2010	9	2599	12
SYDS	151.2243	-33.9297	3	2010	4	2599	12
SYM	149.1568	-35.3448	1	1998	4	2037	12
TACO	146.1212	-36.7514	2	1997	8	1997	11
TADB	146.1405	-36.7978	2	1997	8	1997	9
TAHH	146.1061	-36.7747	2	1997	8	1998	1
TAL	150.38091	-34.77094	2	1993	9	2029	12
TALM	150.38091	-34.77094	2	1993	9	2029	12
TAMG	146.0672	-36.7562	2	1997	9	1997	11
TAO	148.290009	-35.595001	1	1969	1	1988	1
TASC	146.0642	-36.7821	2	1997	8	1997	11
TAT	146.1061	-36.7747	2	1998	1	2029	12
TATM	146.1061	-36.7747	2	1998	1	2029	12
TAU	147.320007	-42.910004	1	1962	1	2029	12
TC80	134.1904	-19.6354	3	1988	1	1988	1
TC9Y	134.1576	-19.8635	3	1988	4	1988	12
TCAY	133.8222	-19.4475	2	1988	4	2025	12
TCBY	133.89987	-19.84918	2	1988	1	2025	12
TCC2	133.922129	-19.799667	2	1988	2	1988	12
TCC3	134.001469	-19.850488	2	1988	2	1988	12
TCC4	134.063682	-19.874472	2	1988	2	1988	12
TCCY	133.97106	-19.87447	2	1988	1	2025	12
TCEY	134.08518	-19.87427	2	1988	1	1988	12
TCGY	133.9027	-19.7148	2	1988	10	2025	12
TCMY	133.95818	-19.80643	2	1988	1	1988	12
TCN1	133.815806	-19.724738	2	1988	2	1988	12
TCN2	133.912815	-19.737933	2	1988	2	1988	12
TCN3	134.018969	-19.796288	2	1988	2	1988	12
TCN4	134.084123	-19.824503	2	1988	2	1988	12
TCN5	134.138046	-19.882975	2	1988	2	1988	12
TCNY	133.76203	-19.72421	2	1988	1	1988	12
TCPY	134.02816	-19.83726	2	1988	1	1988	2
TCS1	133.871638	-19.819097	2	1988	2	1988	12
TCS2	133.902449	-19.875514	2	1988	2	1988	12
TCS3	134.028223	-19.931879	2	1988	2	1988	12
TCSY	133.97254	-19.95383	2	1988	1	2025	12
TCTY	134.1826	-19.6422	2	1988	4	2029	12
TCVY	134.08541	-19.76954	2	1988	3	1988	12
TCWY	133.874	-20.0467	2	1988	1	1988	12
TCXY	133.8397	-19.7859	2	1988	1	1988	12
THNT	144.458	-35.696	3	1988	7	1988	9
THOP	146.17	-38.2856	3	2000	8	2002	12
THS	138.7733	-34.74167	1	1989	11	2025	12
TINA	145.53035	-17.17605	2	2004	4	2031	01
TMA	146.3972	-37.84402	3	1991	10	1998	1
TMD	146.40006	-37.84233	3	1985	5	1997	1
TMP3	145.755	-38.355	1	2009	03	2009	12
TMT	146.39566	-37.84356	3	1985	7	1996	10
TOMM	146.34969	-37.80853	2	1977	5	2029	12
TOM	146.34969	-37.80853	2	1977	5	2029	12
TOO	145.49	-37.5717	1	1962	00	2031	01
TOOL	145.49	-37.5717	1	2021	00	2599	01
TOP	144.09568	-36.89564	2	1991	5	1991	7
TOS	146.40573	-37.82428	2	1990	12	1998	5
TOD	144.497	-37.637	1	1988	9	1996	09	
TPND	148.39	-35.963	3	2002	6	2032	12
TRC	143.61605	-30.07848	2	1996	8	1996	10
TREF	143.64974	-30.08142	2	1996	8	1996	10
TRFS	143.53476	-30.1844	2	1996	9	1996	10
TRJ	143.53648	-30.07906	2	1996	8	1996	10
TRMZ	143.53643	-30.10479	2	1996	8	1996	10
TRN	143.64939	-30.0463	2	1996	8	1996	10
TRNW	143.50054	-30.05374	2	1996	9	1996	10
TRR	146.449997	-42.303329	2	1960	00	2003	07
TRS	143.65113	-30.10318	2	1996	8	1996	10
TRSW	143.52591	-30.12823	2	1996	8	1996	10
TRW	143.6	-30	2	1996	8	1996	10
TUK	138.659	-34.968	3	1993	11	2029	12
TV1	146.7953	-19.2614	2	2002	05	2031	01
TV2	146.7833	-19.2921	3	2002	05	2031	01
TV1H	146.795395	-19.2614	2	2002	05	2031	01
TV2S	146.788696	-19.2904	3	2002	05	2031	01
TVL	146.7676	19.2616	3	1956	00	1965	00
TWOA	138.5793	-35.0313	1	2009	6	2018	12
TW1H	151.972	-27.544201	1	2009	1	2018	12
TYR	146.4354	-38.1083	3	1990	6	2029	12
UCQ2	150.52442	-23.32872	3	1991	07	1992	04
UCQ3	150.53383	-23.321	3	1992	04	1997	01
UKA	147.127	-20.899	2	1984	03	2031	01
UMB	139.128	-30.24	1	1967	6	1986	2
UNID	151.69666	-32.89579	3	1989	12	1990	1
UTT	138.7367	-34.8215	2	1993	7	2025	12
UYB	145.89724	-37.67281	2	1990	11	1996	3
UYC	145.89777	-37.67507	3	1991	4	1996	4
VNDA	161.85281	-77.51719	2	1986	12	2025	12
VPE	145.93709	-37.64163	2	1990	8	1996	3
WA4	117.225	-30.602	2	1986	4	1986	12
WA5	117.097	-30.93	2	1987	5	1987	12
WA6	117.286	-30.772	2	1987	5	1987	12
WAH	146.4519	-37.9441	3	1996	9	1996	10
WAIY	151.33988	-32.99474	3	1994	8	1994	8
WALY	151.2942	-32.96039	3	1994	8	1994	8
WAM	148.883331	-36.188332	1	1957	0	1992	12
WAM	148.883331	-36.188332	2	2000	0	2025	12
WAMB	148.883	-36.191	2	2000	0	2025	12
WARB	126.643	-26.18381	1	1987	6	1997	12
WAT	115.8827	-30.3166	2	1958	0	1959	0
WATY	151.12781	-32.9774	3	1994	8	1994	8
WB0	134.39431	-19.76969	1	1965	10	2031	01
WB1	134.34776	-19.96097	1	1965	10	2031	01
WB10	134.39418	-19.76862	1	1975	00	2031	01
WB2	134.3525	-19.94417	1	1965	10	2031	01
WB3	134.35681	-19.92453	1	1965	10	2031	01
WB4	134.3605	-19.90497	1	1965	10	2031	01
WB5	134.36945	-19.87971	1	1965	10	2031	01
WB6	134.36852	-19.85645	1	1965	10	2031	01
WB7	134.3808	-19.84227	1	1965	10	2031	01
WB8	134.38213	-19.81541	1	1965	10	2031	01
WB9	134.3853	-19.79286	1	1965	10	2031	01
WBA	152.3082	-27.3527	1	1984	07	1998	09
WBH	151.2068	-33.8759	3	1992	6	1998	7
WBN	126.5783	-26.1400	1	1978	6	1987	6
WDA	150.5927	-33.883	2	1992	6	1998	6
WDB	150.594	-33.885	2	1992	2	2029	12
WDBM	150.594	-33.885	2	1992	2	2029	12
WDC	152.6717	-27.4318	1	1977	03	1978	12
WDSD	146.8701	-38.5798	1	2021	09	2599	01
WDT	150.594	-33.885	3	1992	2	2029	12
WED	150.5803	-33.9503	1	1992	8	1995	1
WER	150.5803	-33.9503	1	1959	0	1992	1
WERM	150.5803	-33.9503	1	1959	0	1992	1
WERC	150.5803	-33.9503	1	1995	6	2025	12
WGB	150.57505	-33.86605	2	1993	9	2025	12
WHY	137.5745	-33.0334	3	1997	3	2025	12
WHYH	137.5744	-33.0330	3	2009	1	2599	12
WIL	146.20011	-38.06194	2	1981	10	1982	10
WIL	149.221	-34.8	3	1987	9	1998	1
WILL	146.736	-38.3406	2	2000	7	2030	12
WKA	140.321	-36.417	1	1980	1	2025	12
WKC	152.6438	-27.3448	1	1977	03	1978	02
WMB	152.5502	-27.1155	1	1979	05	1998	09
WNP	152.8828	-27.2041	1	1998	09	2031	01
WOB	152.8626	-27.7482	1	1998	09	2031	01
WOLY	151.15205	-32.90796	2	1994	8	1994	8
WOOL	121.6780	-31.0730	2	1994	6	1998	12
WOOM	151.971	-27.546	3	2003	10	2031	01
WOLH	150.874	-34.407	1	2011	3	2018	12
WOR	150.95159	-34.1414	2	1992	5	2029	12
WPC	152.1909	-27.7182	1	1998	09	2031	01
WPL	152.4168	-27.6058	2	1979	10	1984	05
WPM	152.7355	-27.5357	1	1978	08	1998	09
WPT	146.36092	-39.05104	3	1984	10	1984	11
WR0	134.540405	-19.9597	1	2004	1	2599	12
WR1	134.34085	-19.94411	1	1965	10	2031	01
WR10	134.54195	-19.96109	1	1965	10	2031	01
WR2	134.36555	-19.9489	1	1965	10	2031	01
WR3	134.38831	-19.95	1	1965	10	2031	01
WR4	134.40802	-19.95181	1	1965	10	2031	01
WR5	134.42767	-19.95949	1	1965	10	2031	01
WR6	134.45578	-19.95525	1	1965	10	2031	01
WR7	134.47742	-19.95667	1	1965	10	2031	01
WR8	134.50191	-19.95726	1	1965	10	2031	01
WR9	134.51631	-19.95912	1	1965	10	2031	01
WRA	134.3409	-19.9443	1	1968	00	2031	01
WRB	134.3478	-19.9611	1	1968	00	2031	01
WRC	152.6631	-27.1874	1	1984	07	1998	09
WRG	136.7634	-31.1046	1	1981	10	1997	5
WRKA	128.2961	-25.0375	1	2009	4	2599	12
WRNM	150.95159	-34.1414	2	1992	5	2030	12
WRP	152.289	-27.2762	1	1998	09	2031	01
WSA	136.805984	-31.145037	1	1973	4	1981	10
WSD	152.5154	-26.9967	1	1998	09	2031	01
WSK	144.05327	-36.8138	2	1988	1	1999	2
WTG	152.3333	-27.1458	1	1979	04	1998	09
WTPK	150.6389	-34.2217	1	2016	7	2599	12
WTR	152.4645	-27.5286	2	1984	01	1993	12
WUR	150.8710	-34.4110	3	1998	6	2037	12
WUS	150.8760	-34.4110	3	1998	6	2037	12
WWD	152.5915	-27.3677	2	1998	09	2031	01
WWH	152.5872	-27.3702	2	1984	07	1998	09
WWL	146.913	-33.987	2	1998	11	1999	1
WYA	148.924	-33.9266	1	1960	0	1966	1
WYAL	117.561	-31.236	2	1988	1	1988	3
YE6	135.8323	-34.1589	2	2005	6	2017	11
YER	150.23205	-34.14247	2	1992	6	2025	12
YERM	150.23205	-34.14247	2	1992	6	2025	12
YARR	150.6877	-33.6174	2	2016	11	2599	12
YAPP	138.311905	-31.866301	2	2018	6	2599	12
YNG	148.3963	-34.298	1	1999	1	2025	12
YOU	148.381668	-34.278336	1	1971	0	1998	10
YSY	146.3564	-38.3977	3	1985	10	1986	4
SWH2	115.794136	-33.037351	1	2016	1	2599	12
CSBB	115.817576	-31.981848	1	2016	1	2599	12
SWH3	115.774431	-32.992315	1	2016	1	2599	12
GNGN	115.714674	-31.357866	1	2016	1	2599	12
SWH11	116.549477	-32.580833	1	2016	1	2599	12
SWH10	116.289616	-33.300330	1	2016	1	2599	12
CSSB	115.817428	-31.981766	1	2016	1	2599	12
SWH12	115.763905	-33.434847	1	2016	1	2599	12
SWH1	115.821344	-33.038323	1	2016	1	2599	12
SWH6	115.800177	-32.971092	1	2016	1	2599	12
SWH7	115.853314	-33.062678	1	2016	1	2599	12
SWH4	115.844292	-33.008799	1	2016	1	2599	12
SWH5	115.743277	-33.019492	1	2016	1	2599	12
SWH8	115.770747	-33.076031	1	2016	1	2599	12
SWH9	115.889724	-32.491287	1	2016	1	2599	12
PMG	147.1597	-9.4047	1	1993	10	2599	12
GENI	140.1678	-2.5927	1	1993	1	2599	12
FAKI	132.24889	-2.91925	1	2008	1	2599	12
BNDI	129.9045	-4.5224	1	2008	1	2599	12
SAUI	131.2988	-7.9826	1	2009	10	2599	12
SOEI	124.2672	-9.7553	1	2006	12	2599	12
MMRI	122.2376	-8.6357	1	2006	12	2599	12
PLAI	117.7765	-8.8275	1	2011	1	2599	12
BATI	123.6633	-10.2065	1	2007	1	2599	12
BOXOZ	136.302094	-16.0546	1	2018	1	2599	12
LAROZ	133.212799	-15.5729	1	2018	1	2599	12
NTNOZ	141.185303	-17.6278	1	2018	1	2599	12
AXCOZ	145.251099	-22.9608	1	2018	1	2599	12
CVQOZ	114.078003	-24.4457	1	2018	1	2599	12
MUKOZ	114.609398	-26.7575	1	2018	1	2599	12
PH01	142.950	-5.846	1	2018	2	2599	12
PH02	142.843	-6.464	1	2018	2	2599	12
PH03	143.213	-6.441	1	2018	2	2599	12
PH04	142.788	-5.934	1	2018	2	2599	12
PH05	143.231	-6.359	1	2018	2	2599	12
PH06	142.282	-6.105	1	2018	2	2599	12
WRAB	134.3600	-19.9336	1	1990	2	2599	12
BZ24	136.5012	-19.5000	1	2016	1	2018	1
CA24	137.0004	-19.5007	1	2016	1	2018	1
CA25	136.9924	-19.9967	1	2016	1	2018	1
BY24	135.9986	-19.5016	1	2016	1	2018	1
BY23	135.9720	-19.0048	1	2016	1	2018	1
BX23	135.4579	-19.0082	1	2016	1	2018	1
BX24	135.5018	-19.4997	1	2016	1	2018	1
BX22	135.4995	-18.5034	1	2016	1	2018	1
BY22	135.9792	-18.4972	1	2016	1	2018	1
BZ22	136.4863	-18.4917	1	2016	1	2018	1
CA22	136.9959	-18.4973	1	2016	1	2018	1
BZ23	136.4917	-19.0062	1	2016	1	2018	1
BZ25	136.5408	-19.9547	1	2016	1	2018	1
BZ27	136.4933	-21.0545	1	2016	1	2018	1
BZ28	136.4842	-21.4730	1	2016	1	2018	1
BY28	136.0128	-21.5220	1	2016	1	2018	1
BY27	135.9685	-21.0012	1	2016	1	2018	1
BY25	136.0053	-20.0166	1	2016	1	2018	1
BZ26	136.4903	-20.5008	1	2016	1	2018	1
BY26	136.0020	-20.5013	1	2016	1	2018	1
BX25	135.4208	-20.1018	1	2016	1	2018	1
BW25	135.0595	-20.1027	1	2016	1	2018	1
BW26	135.0032	-20.5002	1	2016	1	2018	1
BX26	135.4857	-20.4979	1	2016	1	2018	1
BU27	133.9957	-20.9997	1	2016	1	2018	1
BV27	134.5005	-21.0023	1	2016	1	2018	1
BV26	134.5991	-20.5386	1	2016	1	2018	1
BW28	135.0073	-21.5089	1	2016	1	2018	1
BX28	135.5029	-21.4933	1	2016	1	2018	1
BX27	135.4957	-21.0023	1	2016	1	2018	1
BW27	135.0027	-20.9987	1	2016	1	2018	1
BU28	134.0170	-21.4926	1	2016	1	2018	1
BT28	133.4675	-21.5129	1	2016	1	2018	1
BS28	132.9891	-21.5069	1	2016	1	2018	1
BS27	132.9911	-20.9971	1	2016	1	2018	1
BT27	133.4987	-20.9878	1	2016	1	2018	1
BV28	134.5041	-21.5004	1	2016	1	2018	1
BU26	134.0209	-20.5633	1	2016	1	2018	1
BV24	134.4986	-19.5224	1	2016	1	2018	1
BU25	133.9973	-19.9877	1	2016	1	2018	1
BS25	133.0062	-20.0040	1	2016	1	2018	1
BS26	132.9971	-20.4868	1	2016	1	2018	1
BT26	133.4905	-20.4951	1	2016	1	2018	1
BT25	133.5015	-20.0022	1	2016	1	2018	1
BT24	133.5059	-19.5054	1	2016	1	2018	1
BS24	133.0361	-19.4734	1	2016	1	2018	1
BW24	135.0019	-19.5024	1	2016	1	2018	1
BV23	134.4799	-19.0187	1	2016	1	2018	1
BW22	135.1020	-18.5166	1	2016	1	2018	1
BW23	135.0116	-19.0032	1	2016	1	2018	1
BT23	133.4947	-18.9949	1	2016	1	2018	1
BU24	134.0514	-19.5099	1	2016	1	2018	1
BU23	134.0074	-18.9953	1	2016	1	2018	1
BW21	134.9913	-17.9751	1	2016	1	2018	1
BV21	134.5185	-17.9939	1	2016	1	2018	1
BV22	134.4512	-18.5060	1	2016	1	2018	1
BU22	134.0029	-18.4991	1	2016	1	2018	1
BX20	135.5128	-17.5062	1	2016	1	2018	1
BW20	135.0176	-17.5709	1	2016	1	2018	1
BY20	135.9957	-17.5103	1	2016	1	2018	1
BZ20	136.5109	-17.5049	1	2016	1	2018	1
CA21	137.0068	-18.0070	1	2016	1	2018	1
BZ21	136.4930	-17.9931	1	2016	1	2018	1
BY21	136.0005	-17.9909	1	2016	1	2018	1
BX21	135.4936	-17.9830	1	2016	1	2018	1
CF22	139.4813	-18.5165	1	2016	1	2018	1
CE22	139.0029	-18.4950	1	2016	1	2018	1
CB21	137.4988	-18.0053	1	2016	1	2018	1
CB20	137.5034	-17.4945	1	2016	1	2018	1
CA20	136.9990	-17.5107	1	2016	1	2018	1
CC21	137.9922	-18.0051	1	2016	1	2018	1
CC20	137.9870	-17.5236	1	2016	1	2018	1
CD21	138.4889	-18.0083	1	2016	1	2018	1
CD22	138.5173	-18.5031	1	2016	1	2018	1
CF23	139.5010	-18.9959	1	2016	1	2018	1
CE23	138.9997	-18.9992	1	2016	1	2018	1
CG22	139.9893	-18.4996	1	2016	1	2018	1
CH22	140.5132	-18.5047	1	2016	1	2018	1
CI22	140.9913	-18.4889	1	2016	1	2018	1
CI23	141.0020	-19.0207	1	2016	1	2018	1
CH23	140.4975	-18.9959	1	2016	1	2018	1
CH21	140.4933	-17.9968	1	2016	1	2018	1
CI21	141.0018	-17.9588	1	2016	1	2018	1
CG23	139.9949	-19.0099	1	2016	1	2018	1
CG21	140.0008	-17.9981	1	2016	1	2018	1
CJ27	141.4303	-21.0392	1	2016	1	2018	1
CE28	139.0033	-21.4890	1	2016	1	2018	1
CE27	138.9792	-21.0208	1	2016	1	2018	1
CF27	139.5000	-21.0008	1	2016	1	2018	1
CF28	139.4999	-21.5000	1	2016	1	2018	1
CC28	137.9953	-21.4957	1	2016	1	2018	1
CD28	138.4910	-21.5086	1	2016	1	2018	1
CE26	138.9969	-20.5066	1	2016	1	2018	1
CD26	138.4951	-20.4999	1	2016	1	2018	1
CD27	138.5103	-20.9849	1	2016	1	2018	1
CF25	139.5001	-20.0011	1	2016	1	2018	1
CF24	139.5015	-19.5008	1	2016	1	2018	1
CE24	138.9955	-19.5019	1	2016	1	2018	1
CD24	138.4996	-19.4997	1	2016	1	2018	1
CD25	138.4970	-19.9994	1	2016	1	2018	1
CE25	139.0014	-19.9992	1	2016	1	2018	1
CC27	137.9942	-20.9962	1	2016	1	2018	1
CC26	137.9876	-20.4916	1	2016	1	2018	1
CC25	137.9948	-19.9959	1	2016	1	2018	1
CA27	137.0036	-20.9844	1	2016	1	2018	1
CA28	136.9924	-21.5021	1	2016	1	2018	1
CB28	137.5084	-21.5016	1	2016	1	2018	1
CB27	137.4907	-21.0061	1	2016	1	2018	1
CA26	137.0117	-20.4450	1	2016	1	2018	1
CB26	137.5056	-20.4954	1	2016	1	2018	1
CC22	137.9378	-18.6372	1	2016	1	2018	1
CC23	137.9926	-18.9931	1	2016	1	2018	1
CC24	137.9939	-19.5027	1	2016	1	2018	1
CD23	138.4994	-19.0003	1	2016	1	2018	1
CB25	137.5045	-19.9932	1	2016	1	2018	1
CB24	137.4984	-19.5011	1	2016	1	2018	1
CA23	136.9915	-19.0006	1	2016	1	2018	1
CB22	137.5493	-18.6373	1	2016	1	2018	1
CB23	137.4981	-19.0107	1	2016	1	2018	1
BR35	132.5000	-25.0000	1	2018	1	2599	12
BS35	132.9500	-25.0000	1	2018	1	2599	12
BR29	132.5000	-22.0000	1	2018	1	2599	12
BS29	133.0000	-22.0000	1	2018	1	2599	12
BP29	131.5000	-22.0000	1	2018	1	2599	12
BO29	131.0000	-22.0000	1	2018	1	2599	12
BN30	130.5000	-22.5000	1	2018	1	2599	12
BN29	130.5000	-22.0000	1	2018	1	2599	12
BY29	136.0000	-22.0000	1	2018	1	2599	12
BT33	133.5589	-23.9736	1	2018	1	2599	12
BW36	135.0000	-25.5000	1	2018	1	2599	12
BV37	134.5000	-25.9950	1	2018	1	2599	12
BW37	135.0000	-25.9950	1	2018	1	2599	12
BT30	133.5000	-22.5000	1	2018	1	2599	12
BQ29	132.0000	-22.0000	1	2018	1	2599	12
BW33	135.0000	-24.0000	1	2018	1	2599	12
BR37	132.5000	-25.9950	1	2018	1	2599	12
BQ37	132.0000	-25.9950	1	2018	1	2599	12
BP37	131.5000	-25.9950	1	2018	1	2599	12
BY31	135.9999	-22.9968	1	2018	1	2599	12
BY32	135.9998	-23.4923	1	2018	1	2599	12
BS31	133.0000	-23.0000	1	2018	1	2599	12
BR31	132.5000	-23.0000	1	2018	1	2599	12
BS30	133.0000	-22.5000	1	2018	1	2599	12
BR30	132.5000	-22.5000	1	2018	1	2599	12
BW29	135.0000	-21.9700	1	2018	1	2599	12
BX29	135.5000	-22.0000	1	2018	1	2599	12
BT32	133.5000	-23.5000	1	2018	1	2599	12
BS32	133.0000	-23.5000	1	2018	1	2599	12
BV30	134.4630	-22.4989	1	2018	1	2599	12
BU30	134.0000	-22.5000	1	2018	1	2599	12
BS36	133.0000	-25.5000	1	2018	1	2599	12
BU28	134.0167	-21.4928	1	2018	1	2599	12
BK35	129.0050	-25.0000	1	2018	1	2599	12
BK34	129.1020	-24.5000	1	2018	1	2599	12
BL35	129.5000	-25.0000	1	2018	1	2599	12
BL34	129.5000	-24.5000	1	2018	1	2599	12
BM34	130.0000	-24.5000	1	2018	1	2599	12
BN34	130.5000	-24.5000	1	2018	1	2599	12
BK36	129.0050	-25.5000	1	2018	1	2599	12
BL36	129.5000	-25.5000	1	2018	1	2599	12
BM36	130.0000	-25.5000	1	2018	1	2599	12
BM35	130.0000	-25.0000	1	2018	1	2599	12
BN36	130.5000	-25.5000	1	2018	1	2599	12
BN35	130.5000	-25.0000	1	2018	1	2599	12
BO36	131.0000	-25.5000	1	2018	1	2599	12
BO34	131.0000	-24.5000	1	2018	1	2599	12
BK37	129.0050	-25.9950	1	2018	1	2599	12
BL37	129.5000	-25.9950	1	2018	1	2599	12
BM37	130.0000	-25.9950	1	2018	1	2599	12
BN37	130.5000	-25.9950	1	2018	1	2599	12
BO37	131.0000	-25.9950	1	2018	1	2599	12
BQ33	132.0000	-24.0000	1	2018	1	2599	12
BQ32	132.0000	-23.5000	1	2018	1	2599	12
BP33	131.5000	-24.0000	1	2018	1	2599	12
BP32	131.5000	-23.5000	1	2018	1	2599	12
BM33	130.0000	-24.0000	1	2018	1	2599	12
BN33	130.5000	-24.0000	1	2018	1	2599	12
BO33	131.0000	-24.0000	1	2018	1	2599	12
BN32	130.5000	-23.5000	1	2018	1	2599	12
BO32	131.0000	-23.5000	1	2018	1	2599	12
BK33	129.1020	-24.0000	1	2018	1	2599	12
BL33	129.5000	-24.0000	1	2018	1	2599	12
BK32	129.1020	-23.5000	1	2018	1	2599	12
BL32	129.5000	-23.5000	1	2018	1	2599	12
BM32	130.0000	-23.5000	1	2018	1	2599	12
BK31	129.1020	-23.0000	1	2018	1	2599	12
BL31	129.5000	-23.0000	1	2018	1	2599	12
BM31	130.0000	-23.0000	1	2018	1	2599	12
BN31	130.5000	-23.0000	1	2018	1	2599	12
BK30	129.2020	-22.5000	1	2018	1	2599	12
BL30	129.5000	-22.5000	1	2018	1	2599	12
BM30	130.0000	-22.5000	1	2018	1	2599	12
BK29	129.2020	-22.0000	1	2018	1	2599	12
BL29	129.5000	-22.0000	1	2018	1	2599	12
BM29	130.0000	-22.0000	1	2018	1	2599	12
BK28	129.1020	-21.5000	1	2018	1	2599	12
BL28	129.5000	-21.5000	1	2018	1	2599	12
BM28	130.0000	-21.5000	1	2018	1	2599	12
BL27	129.5000	-21.0000	1	2018	1	2599	12
BM27	130.0000	-21.0000	1	2018	1	2599	12
BK27	129.1020	-21.0000	1	2018	1	2599	12
BW34	135.0000	-24.5050	1	2018	1	2599	12
BX34	135.5001	-24.5012	1	2018	1	2599	12
BV28	134.4983	-21.4989	1	2018	1	2599	12
BW28	135.0004	-21.5011	1	2018	1	2599	12
BP30	131.5000	-22.5000	1	2018	1	2599	12
BO30	131.0000	-22.5000	1	2018	1	2599	12
BQ28	132.0000	-21.5000	1	2018	1	2599	12
BQ27	132.0000	-21.0000	1	2018	1	2599	12
BQ28	132.029384	-21.506371	1	2017	1	2599	12
BQ26	132.0000	-20.5000	1	2018	1	2599	12
BQ25	132.0000	-20.0000	1	2018	1	2599	12
BP28	131.5000	-21.5000	1	2018	1	2599	12
BP27	131.5000	-21.0000	1	2018	1	2599	12
BP26	131.5000	-20.5000	1	2018	1	2599	12
BO27	131.0000	-21.0000	1	2018	1	2599	12
BN27	130.5000	-21.0000	1	2018	1	2599	12
BL25	129.5000	-20.0000	1	2018	1	2599	12
BM26	130.0000	-20.5000	1	2018	1	2599	12
BN26	130.5000	-20.5000	1	2018	1	2599	12
BO26	131.0000	-20.5000	1	2018	1	2599	12
BM25	130.0000	-20.0000	1	2018	1	2599	12
BN25	130.5000	-20.0000	1	2018	1	2599	12
BO25	131.0000	-20.0000	1	2018	1	2599	12
BP25	131.5000	-20.0000	1	2018	1	2599	12
BN24	130.5000	-19.5000	1	2018	1	2599	12
BO24	131.0000	-19.5000	1	2018	1	2599	12
BP24	131.5000	-19.5000	1	2018	1	2599	12
BQ24	132.0000	-19.5000	1	2018	1	2599	12
BQ31	132.0000	-23.0000	1	2018	1	2599	12
BX32	135.5000	-23.5000	1	2018	1	2599	12
BX33	135.5000	-24.0000	1	2018	1	2599	12
BS24	133.0363	-19.4734	1	2018	1	2599	12
BR25	132.5000	-20.0000	1	2018	1	2599	12
BR24	132.5000	-19.5000	1	2018	1	2599	12
BK26	129.1020	-20.5000	1	2018	1	2599	12
BL26	129.5000	-20.5000	1	2018	1	2599	12
BX31	135.5000	-23.0000	1	2018	1	2599	12
BU32	134.0000	-23.5000	1	2018	1	2599	12
BT34	133.5000	-24.5000	1	2018	1	2599	12
BV32	134.5257	-23.4997	1	2018	1	2599	12
BK25	129.1020	-20.0000	1	2018	1	2599	12
BY34	136.0000	-24.5000	1	2018	1	2599	12
BU33	134.0000	-24.0000	1	2018	1	2599	12
BR33	132.5000	-24.0000	1	2018	1	2599	12
BS33	132.9693	-24.0320	1	2018	1	2599	12
BT24	133.4937	-19.4954	1	2018	1	2599	12
BR34	132.5000	-24.5000	1	2018	1	2599	12
BQ34	132.0000	-24.5000	1	2018	1	2599	12
BQ30	132.0000	-22.5000	1	2018	1	2599	12
BU31	134.0000	-23.0000	1	2018	1	2599	12
BV35	134.5000	-25.0000	1	2018	1	2599	12
BW30	135.0000	-22.5000	1	2018	1	2599	12
BW31	135.0000	-23.0000	1	2018	1	2599	12
BV31	134.5000	-23.0000	1	2018	1	2599	12
BS27	132.9974	-20.9998	1	2018	1	2599	12
BS26	132.9985	-20.4903	1	2018	1	2599	12
BT26	133.5000	-20.5000	1	2018	1	2599	12
BS25	133.0050	-20.0056	1	2018	1	2599	12
BR26	132.5000	-20.5000	1	2018	1	2599	12
BQ36	132.0000	-25.5000	1	2018	1	2599	12
BV34	134.5000	-24.5000	1	2018	1	2599	12
BY30	136.0000	-22.5000	1	2018	1	2599	12
BW35	135.0000	-25.0000	1	2018	1	2599	12
BV33	134.5576	-23.9933	1	2018	1	2599	12
BR36	132.5000	-25.5000	1	2018	1	2599	12
BR27	132.5000	-21.0000	1	2018	1	2599	12
BK24	129.1020	-19.5000	1	2018	1	2599	12
BL24	129.5000	-19.5000	1	2018	1	2599	12
BM24	130.0000	-19.5000	1	2018	1	2599	12
BX36	135.5000	-25.5000	1	2018	1	2599	12
BO35	131.0000	-25.0000	1	2018	1	2599	12
BP36	131.5000	-25.5000	1	2018	1	2599	12
BP35	131.5000	-25.0000	1	2018	1	2599	12
BX35	135.5000	-25.0000	1	2018	1	2599	12
BY35	136.0000	-25.0000	1	2018	1	2599	12
BV36	134.5000	-25.5000	1	2018	1	2599	12
BU36	134.0000	-25.5000	1	2018	1	2599	12
BT29	133.5000	-21.9900	1	2018	1	2599	12
BS28	132.9880	-21.5067	1	2018	1	2599	12
BX37	135.5000	-25.9950	1	2018	1	2599	12
BY37	136.0000	-25.9950	1	2018	1	2599	12
BY36	136.0000	-25.5000	1	2018	1	2599	12
BX30	135.5000	-22.5000	1	2018	1	2599	12
BT28	133.4861	-21.5039	1	2018	1	2599	12
BT27	133.5000	-21.0000	1	2018	1	2599	12
BT25	133.5000	-20.0000	1	2018	1	2599	12
BP34	131.5000	-24.5000	1	2018	1	2599	12
BT35	133.5000	-25.0000	1	2018	1	2599	12
BT36	133.5000	-25.5000	1	2018	1	2599	12
BU34	134.0000	-24.5000	1	2018	1	2599	12
BU35	134.0000	-25.0000	1	2018	1	2599	12
BW32	134.9375	-23.4819	1	2018	1	2599	12
BR32	132.5000	-23.5000	1	2018	1	2599	12
BU29	134.0000	-22.0000	1	2018	1	2599	12
BQ35	132.0000	-25.0000	1	2018	1	2599	12
BT31	133.5000	-23.0000	1	2018	1	2599	12
BY33	136.0000	-24.0000	1	2018	1	2599	12
BS37	133.0000	-25.9950	1	2018	1	2599	12
BT37	133.5000	-25.9950	1	2018	1	2599	12
BO28	131.0000	-21.5000	1	2018	1	2599	12
BN28	130.5000	-21.5000	1	2018	1	2599	12
BR28	132.5000	-21.5000	1	2018	1	2599	12
BV29	134.5000	-22.0000	1	2018	1	2599	12
BP31	131.4700	-23.0000	1	2018	1	2599	12
BO31	131.0125	-23.0000	1	2018	1	2599	12
BS34	133.0000	-24.5000	1	2018	1	2599	12
BU37	134.0000	-25.9950	1	2018	1	2599	12
355BOT	151.25119	-33.93479	1	2010	1	2599	12
356BOT	151.2332	-33.93572	1	2010	1	2599	12
357BOT	151.2247	-33.9313	1	2010	1	2599	12
358BOT	151.208491	-33.91608	1	2010	1	2599	12
360BOT	151.20146	-33.93928	1	2010	1	2599	12
361BOT	151.20241	-33.9556	1	2010	1	2599	12
362BOT	151.20706	-33.9585	1	2010	1	2599	12
363NEW	151.7556	-32.9189	1	2010	1	2599	12
364NEW	151.74651	-32.91053	1	2010	1	2599	12
366NEW	151.73515	-32.91661	1	2010	1	2599	12
367NEW	151.7402	-32.9343	1	2010	1	2599	12
368NEW	151.73731	-32.93837	1	2010	1	2599	12
370LYG	146.50835	-38.26627	1	2010	1	2599	12
371RSD	146.79073	-38.14317	1	2010	1	2599	12
372TGS	146.63242	-38.11883	1	2010	1	2599	12
373TGB	146.66515	-38.02631	1	2010	1	2599	12
374NAM	146.83669	-38.05449	1	2010	1	2599	12
375GFW	146.99754	-38.37931	1	2010	1	2599	12
376LNF	146.95038	-38.10309	1	2010	1	2599	12
377LNF	147.05964	-38.16047	1	2010	1	2599	12
378YLN	146.4067	-38.16361	1	2010	1	2599	12
379GLG	146.5567	-38.16161	1	2010	1	2599	12
380HYF	146.7758	-37.9000	1	2010	1	2599	12
381WLS	146.74089	-38.3406	1	2010	1	2599	12
382THD	146.35046	-37.80987	1	2010	1	2599	12
386FCR	146.0001	-38.75622	1	2010	1	2599	12
LILL	146.247	-38.282	1	2012	6	2012	12
NARR	146.202	-38.25	1	2012	6	2012	12
CREM	146.292	-38.328	1	2012	6	2012	12
KRAN	145.848	-38.359	1	2012	6	2012	12
S88U	144.052	-37.168	1	2012	6	2012	12
STGU	146.172	-38.014	1	2012	6	2012	12
BU17	134.0000	-16.0000	1	2019	11	2599	12
BW18	134.9969	-16.4757	1	2019	11	2599	12
BV19	134.4720	-16.9830	1	2019	11	2599	12
BU18	133.9990	-16.5000	1	2019	11	2599	12
BU20	133.9780	-17.4860	1	2019	11	2599	12
BT18	133.4980	-16.5000	1	2019	11	2599	12
BV18	134.5000	-16.4990	1	2019	11	2599	12
BT19	133.4990	-17.0010	1	2019	11	2599	12
BW19	134.9990	-16.9710	1	2019	11	2599	12
BW17	135.0308	-16.0002	1	2019	11	2599	12
PI101	119.8408333	-21.48527778	1	2021	6	2599	1
PI102	119.8394444	-21.34555556	1	2021	6	2599	1
PI103	120.0083333	-21.69194444	1	2021	6	2599	1
PI104	119.8144444	-21.28555556	1	2021	6	2599	1
PI105	120.0030556	-21.47027778	1	2021	6	2599	1
PI106	119.3586111	-21.50416667	1	2021	6	2599	1
PI107	119.4705556	-21.4825	1	2021	6	2599	1
PI108	119.5425	-21.425	1	2021	6	2599	1
PI109	119.5769444	-21.34416667	1	2021	6	2599	1
PI110	119.6505556	-21.3125	1	2021	6	2599	1
PI111	119.6888889	-21.26583333	1	2021	6	2599	1
PI113	119.9511111	-21.52222222	1	2021	6	2599	1
PI114	120.0625	-21.44333333	1	2021	6	2599	1
PI115	120.1294444	-21.35805556	1	2021	6	2599	1
PI116	120.1547222	-21.30638889	1	2021	6	2599	1
PI117	120.0802778	-21.19111111	1	2021	6	2599	1
PI201	119.7286111	-21.28472222	1	2021	6	2599	1
PI202	120.0586111	-20.8075	1	2021	6	2599	1
PI203	119.2844444	-21.74638889	1	2021	6	2599	1
PI204	119.3391667	-21.71472222	1	2021	6	2599	1
PI205	119.4677778	-21.69194444	1	2021	6	2599	1
PI206	119.535	-21.66138889	1	2021	6	2599	1
PI207	119.5827778	-21.48694444	1	2021	6	2599	1
PI208	119.5975	-21.53611111	1	2021	6	2599	1
PI209	119.6919444	-21.52111111	1	2021	6	2599	1
PI210	119.885	-21.45194444	1	2021	6	2599	1
PI212	119.885	-21.50361111	1	2021	6	2599	1
PI213	119.8425	-21.42333333	1	2021	6	2599	1
PI214	119.8163889	-21.38611111	1	2021	6	2599	1
PI215	119.815	-21.3125	1	2021	6	2599	1
PI216	119.835	-21.25583333	1	2021	6	2599	1
PI217	119.8661667	-21.20975	1	2021	6	2599	1
PI218	119.8866667	-21.13027778	1	2021	6	2599	1
PI219	119.9405556	-21.0875	1	2021	6	2599	1
PI220	119.9988889	-21.02194444	1	2021	6	2599	1
PI221	120.0063889	-20.955	1	2021	6	2599	1
PI222	120.0025	-20.92222222	1	2021	6	2599	1
PI223	120.0166667	-20.86944444	1	2021	6	2599	1
PI224	120.0708333	-20.72111111	1	2021	6	2599	1
SWN00	118.49077	-31.37287	1	2020	08	2021	05
SWN01	115.55577	-30.36867	1	2020	09	2021	10
SWN02	118.39443	-32.06812	1	2020	10	2021	05
SWN03	118.20749	-30.32251	1	2020	09	2021	10
SWN04	116.36565	-30.63021	1	2020	09	2021	06
SWN05	117.13635	-30.76903	1	2020	09	2021	10
SWN07	116.51481	-31.27954	1	2020	09	2021	10
SWN08	115.82961	-31.08505	1	2020	09	2021	10
SWN09	117.2849	-31.4215	1	2020	09	2021	10
SWN10	116.9642	-31.921	1	2020	12	2021	10
SWN11	117.95199	-32.20588	1	2020	09	2021	10
SWN12	116.83852	-32.38999	1	2020	09	2021	10
SWN13	115.8442	-33.0088	1	2020	08	2021	10
SWN14	116.54143	-33.05163	1	2020	09	2021	07
SWN15	117.65945	-33.18453	1	2020	08	2021	10
SWN16	118.51226	-33.53399	1	2020	09	2021	10
SWN17	115.60883	-34.03496	1	2020	09	2021	10
SWN18	117.11603	-30.36201	1	2020	09	2021	10
SWN19	116.10282	-34.20616	1	2020	09	2021	10
SWN20	116.98074	-33.84098	1	2020	09	2021	10
SWN21	118.52608	-34.34672	1	2020	09	2021	10
SWN22	119.69009	-33.08253	1	2020	09	2021	10
SWN23	116.64501	-34.33802	1	2020	08	2021	09
SWN24	117.55348	-34.36214	1	2020	09	2021	06
SWN25	116.72426	-34.95166	1	2020	09	2021	10
SWN26	118.92857	-32.4326	1	2020	12	2021	10
SWN27	119.43164	-31.4539	1	2020	10	2021	09
SWNJ1	116.97423	-33.356757	1	2022	1	2599	1
SWNJ2	117.00293	-33.347215	1	2022	1	2599	1
SWNJ3	116.9928	-33.3768	1	2022	1	2599	1
SWNNA	117.40191	-33.326057	1	2022	1	2599	1
SWNNB	117.19092	-33.36294	1	2022	1	2599	1
SWNNC	117.28902	-33.193886	1	2022	1	2599	1
SWNND	117.03954	-33.41912	1	2022	1	2599	1
SWNNE	117.0303	-33.284424	1	2022	1	2599	1
SWNNF	116.9502	-33.343864	1	2022	1	2599	1
SWNNG	117.00788	-33.41822	1	2022	1	2599	1
SWNNH	116.8996	-33.38816	1	2022	1	2599	1
SWNNI	116.9755	-33.35815	1	2022	1	2599	1
SWNNJ	116.9908	-33.36556	1	2022	1	2599	1
BTL01	132.54079	-15.19414	1	2021	09	2025	12
BTL02	132.82894	-16.09792	1	2021	08	2025	12
BTL03	133.09611	-16.86486	1	2021	09	2025	12
BTL04	133.93432	-15.84238	1	2021	08	2025	12
BTL05	133.88445	-16.4788	1	2021	08	2025	12
BTL06	133.80311	-17.04646	1	2021	08	2025	12
BTL07	133.95621	-17.60978	1	2021	09	2025	12
BTL08	134.46698	-16.98692	1	2021	09	2025	12
BTL09	134.86316	-16.25895	1	2021	08	2025	12
AXCOZ	145.251099	-22.9608	1	2018	11	2599	12
BOXOZ	136.302094	-16.0546	1	2018	07	2599	12
CVQOZ	114.078003	-24.4457	1	2019	03	2599	12
DNDOZ	123.867996	-32.460899	1	2019	02	2599	12
LAROZ	133.212799	-15.5729	1	2018	07	2599	12
MUKOZ	114.609398	-26.7575	1	2019	03	2599	12
NTNOZ	141.185303	-17.6278	1	2018	11	2599	12
TEFOZ	122.5786	-22.8162	1	2019	10	2599	12
FA10	122.79515	-30.7873	1	2013	11	2014	10
FA11	123.11295	-30.91068	1	2013	11	2014	09
FA12	123.32329	-30.82537	1	2013	11	2014	10
FA13	123.62059	-30.88637	1	2013	11	2014	09
FA14	123.91017	-30.83259	1	2013	11	2014	10
FA15	124.22452	-30.87924	1	2013	11	2015	09
FA16	124.59934	-30.79964	1	2013	11	2014	10
FA17	124.89545	-30.90593	1	2013	11	2014	09
FA18	125.17411	-30.78173	1	2013	11	2014	10
FA19	125.49374	-30.89797	1	2013	11	2014	10
FA20	122.69717	-31.10069	1	2013	11	2014	10
FA21	123.08333	-31.23685	1	2013	11	2014	06
FA22	123.29749	-31.09847	1	2013	11	2014	09
FA23	123.6176	-31.20256	1	2013	11	2014	10
FA24	123.90257	-31.08654	1	2013	11	2014	10
FA25	124.21138	-31.18328	1	2013	11	2014	06
FA26	124.52934	-31.10626	1	2013	11	2014	10
FA27	124.81074	-31.19939	1	2013	11	2015	09
FA28	125.07824	-31.1022	1	2013	11	2014	10
FA29	125.41021	-31.18085	1	2013	11	2014	09
FA30	122.61315	-31.39572	1	2013	11	2014	09
FA31	122.89263	-31.49796	1	2013	11	2014	10
FA32	123.22395	-31.58405	1	2013	11	2014	10
FA33	123.531	-31.4578	1	2013	11	2014	10
FA34	123.81655	-31.3978	1	2013	11	2014	09
FA35	124.10362	-31.44826	1	2013	11	2014	10
FA36	124.40873	-31.39832	1	2013	11	2014	10
FA37	124.70716	-31.50306	1	2013	11	2014	10
FA38	125.0245	-31.40955	1	2013	11	2014	10
FA39	125.30928	-31.50914	1	2013	11	2014	10
FB00	122.7427	-31.7501	1	2013	11	2015	09
FB01	123.44156	-31.90722	1	2013	11	2015	09
FB02	123.87299	-31.75068	1	2014	02	2015	08
FB03	124.51704	-31.79418	1	2013	11	2015	09
FB04	122.38266	-32.09641	1	2013	11	2015	09
FB05	122.99788	-32.20242	1	2013	11	2015	04
FB06	123.58321	-32.23612	1	2013	11	2015	09
FB07	124.19761	-32.14236	1	2014	02	2015	09
FB08	122.90781	-32.56565	1	2014	02	2015	08
FB09	123.54704	-32.60013	1	2014	02	2015	06
FC40	121.6232	-31.8902	1	2014	10	2015	09
FC41	122.1847	-31.83229	1	2015	02	2015	09
FC42	121.61932	-32.44056	1	2014	10	2015	08
FC43	121.944	-32.36202	1	2014	10	2015	09
FC44	122.16816	-32.65427	1	2014	10	2015	06
FC45	122.49789	-32.39024	1	2014	10	2015	08
FC46	123.26135	-32.46453	1	2015	02	2015	09
FC47	123.14108	-32.90163	1	2015	02	2015	09
FC48	123.83847	-32.8524	1	2015	02	2015	09
FC49	123.98003	-32.49238	1	2015	02	2015	09
FD50	121.1619	-32.73706	1	2014	10	2015	09
FD51	121.4292	-32.9177	1	2014	10	2015	09
FD52	121.8702	-32.8906	1	2014	10	2015	09
FD53	121.898	-33.1823	1	2014	10	2015	09
FD54	122.27341	-33.0592	1	2014	10	2015	08
FD55	122.71786	-32.96689	1	2015	02	2015	09
FD56	122.90257	-33.14964	1	2014	10	2015	09
FD57	123.44881	-33.13003	1	2015	02	2015	05
FD58	121.0066	-33.2135	1	2014	10	2015	09
FD59	121.5396	-33.2909	1	2014	10	2015	09
FD60	122.0237	-33.4268	1	2014	10	2015	08
FD61	122.4642	-33.369	1	2014	10	2015	09
FD62	123.19717	-33.43472	1	2014	10	2015	09
FD63	120.79654	-33.6511	1	2015	02	2015	09
FD64	121.14342	-33.59851	1	2015	02	2015	09
FD65	121.58604	-33.71188	1	2015	02	2015	09
FD66	122.299	-33.7303	1	2014	10	2015	09
FD67	122.8127	-33.5613	1	2014	10	2015	09
FD68	123.28192	-33.75409	1	2015	02	2015	09
FD69	123.63065	-33.60278	1	2015	02	2015	08
CP01	120.2075	-20.2625	1	2006	06	2007	05
CP02	120.0776	-20.6321	1	2006	06	2007	04
CP03	119.3954	-21.7307	1	2006	06	2007	05
CP04	118.6689	-22.3291	1	2006	06	2006	11
CP05	117.6658	-22.2823	1	2006	06	2007	05
CP06	117.44	-22.8823	1	2006	06	2007	05
CP07	117.6157	-23.6735	1	2006	11	2007	05
CP08	117.6651	-23.9892	1	2006	11	2007	05
CP09	116.9552	-24.2939	1	2006	06	2007	05
CP10	116.9086	-24.8618	1	2006	06	2007	05
CP11	117.1228	-25.4654	1	2006	06	2007	01
CP12	117.3992	-25.7901	1	2006	06	2007	01
CP13	117.1849	-26.3895	1	2006	11	2007	02
CP14	117.6008	-26.9297	1	2006	06	2007	02
LP01	114.2875	-26.2088	1	2006	11	2007	03
LP02	114.8013	-24.9649	1	2005	10	2007	01
LP03	114.5476	-23.1531	1	2006	12	2007	03
LP04	115.445	-22.4859	1	2006	07	2007	03
LP05	115.8901	-21.5608	1	2006	02	2007	02
RP01	117.6393	-20.8903	1	2006	02	2007	01
RP02	118.7238	-20.6287	1	2006	07	2007	03
RP03	120.2186	-21.217	1	2006	06	2007	05
RP04	120.8875	-21.2667	1	2006	06	2007	05
RP06	121.8514	-21.5133	1	2006	06	2007	05
RP07	122.136	-21.5852	1	2006	06	2007	05
QA01	149.409	-35.7652	1	1999	03	1999	06
QA03	148.098	-35.4955	1	1999	04	1999	04
QA05	146.6135	-34.9998	1	1999	04	1999	06
QA06	146.1764	-34.6998	1	1999	04	1999	06
QA08	144.6529	-34.5652	1	1999	04	1999	06
QA09	143.5713	-34.4806	1	1999	04	1999	06
QB02	150.7207	-32.5852	1	1999	05	1999	05
QB03	149.8033	-32.1824	1	1999	07	1999	09
QB04	149.2282	-32.0085	1	1999	07	1999	09
QB06	147.4014	-31.7559	1	1999	07	1999	07
QR01	150.5903	-29.9238	1	1999	05	1999	11
QR02	145.869	-30.8732	1	1999	05	1999	09
QR04	149.3923	-34.4073	1	1999	04	1999	10
QR05	146.791	-34.208	1	1999	03	1999	10
QR06	145.0401	-33.3586	1	1999	03	1999	10
QR07	142.3784	-33.931	1	1999	03	1999	10
QR08	147.6574	-35.8256	1	1999	03	1999	10
QR09	145.7716	-36.9529	1	1999	03	1999	06
QR10	141.9636	-36.5412	1	1999	03	1999	10
TA01	145.1336	-40.9743	1	2001	10	2002	07
TA03	145.0582	-41.0706	1	2001	10	2002	05
TA04	145.7724	-41.1899	1	2001	10	2002	07
TA05	145.669	-41.3196	1	2001	10	2002	08
TA06	145.8263	-41.382	1	2001	10	2002	08
TA07	145.5925	-42.0356	1	2001	10	2002	08
TA08	146.8181	-42.0302	1	2001	10	2002	08
TA09	146.688	-42.6319	1	2001	10	2002	08
TA10	147.3147	-42.2749	1	2001	10	2002	08
TA11	147.3378	-41.3366	1	2001	10	2002	08
TA12	146.8487	-41.5586	1	2001	10	2002	08
TA13	148.0576	-40.0209	1	2001	10	2002	06
TB01	147.7518	-37.2472	1	2001	12	2002	05
TB02	146.323	-38.3535	1	2001	12	2002	05
TB03	145.4098	-37.0967	1	2001	12	2002	05
TB04	143.7419	-38.2268	1	2001	12	2002	05
GA05	137.0136	-31.6692	1	2004	06	2005	04
GA06	135.0984	-32.1567	1	2004	06	2004	12
GA07	136.5129	-31.518	1	2004	06	2005	04
GA08	135.8374	-33.7831	1	2004	11	2005	04
TL01	141.6351	-18.0011	1	2003	05	2005	05
TL02	144.4785	-18.9266	1	2003	05	2005	06
TL03	139.4055	-20.1466	1	2003	05	2004	09
TL04	140.975	-21.6755	1	2003	05	2004	01
TL05	144.4989	-22.7182	1	2003	05	2005	06
TL06	137.9579	-22.2564	1	2003	05	2004	11
TL07	135.6676	-22.9605	1	2003	05	2005	03
TL08	142.638	-25.1977	1	2003	06	2005	06
TL09	134.7647	-25.6821	1	2003	05	2005	05
TL10	142.4769	-27.3609	1	2003	06	2005	06
TL11	145.626	-27.6465	1	2003	06	2004	10
TL12	135.5968	-27.6342	1	2003	05	2005	11
TL13	137.8827	-29.7267	1	2003	05	2005	11
TL14	141.925	-29.82	1	2003	05	2005	08
TL15	137.2283	-30.741	1	2003	05	2005	08
TL16	144.9017	-31.4167	1	2003	05	2005	04
TL17	139.5719	-31.6571	1	2003	05	2005	08
TL18	138.8831	-32.5109	1	2003	05	2005	08
TL19	141.4514	-33.3408	1	2003	12	2004	11
TL20	142.5314	-35.7226	1	2003	05	2004	03
CP01	120.2075	-20.2625	1	2006	06	2007	05
CP02	120.0776	-20.6321	1	2006	06	2007	04
CP03	119.3954	-21.7307	1	2006	06	2007	05
CP04	118.6689	-22.3291	1	2006	06	2006	11
CP05	117.6658	-22.2823	1	2006	06	2007	05
CP06	117.44	-22.8823	1	2006	06	2007	05
CP07	117.6157	-23.6735	1	2006	11	2007	05
CP08	117.6651	-23.9892	1	2006	11	2007	05
CP09	116.9552	-24.2939	1	2006	06	2007	05
CP10	116.9086	-24.8618	1	2006	06	2007	05
CP11	117.1228	-25.4654	1	2006	06	2007	01
CP12	117.3992	-25.7901	1	2006	06	2007	01
CP13	117.1849	-26.3895	1	2006	11	2007	02
CP14	117.6008	-26.9297	1	2006	06	2007	02
LP01	114.2875	-26.2088	1	2006	11	2007	03
LP02	114.8013	-24.9649	1	2005	10	2007	01
LP03	114.5476	-23.1531	1	2006	12	2007	03
LP04	115.445	-22.4859	1	2006	07	2007	03
LP05	115.8901	-21.5608	1	2006	02	2007	02
RP01	117.6393	-20.8903	1	2006	02	2007	01
RP02	118.7238	-20.6287	1	2006	07	2007	03
RP03	120.2186	-21.217	1	2006	06	2007	05
RP04	120.8875	-21.2667	1	2006	06	2007	05
RP06	121.8514	-21.5133	1	2006	06	2007	05
RP07	122.136	-21.5852	1	2006	06	2007	05
MUR01	143.9395	-33.6184	1	2007	02	2007	11
MUR02	145.59857	-32.93165	1	2007	02	2007	11
MUR03	145.0808	-33.9768	1	2007	02	2008	04
MUR04	144.53	-35.05	1	2007	02	2008	03
MUR05	146.27	-34.36	1	2007	02	2008	02
SOC01	146.4331	-33.4357	1	2007	07	2008	06
SOC03	148.8479	-33.2547	1	2007	07	2008	06
SOC04	149.03453	-34.28467	1	2008	01	2008	06
SOC05	147.72985	-34.8114	1	2007	09	2008	06
SOC06	148.99628	-35.3188	1	2007	08	2008	06
SOC07	135.83383	-33.78384	1	2007	10	2008	08
SOC08	136.51275	-32.51766	1	2007	10	2008	08
SOC09	137.06123	-31.66921	1	2007	10	2008	08
SOC10	137.06241	-29.71192	1	2007	10	2008	08
SOC11	138.02639	-31.97051	1	2007	10	2008	08
SOC12	138.67746	-31.09103	1	2007	10	2008	08
SOC13	139.73302	-29.89445	1	2007	10	2008	08
SOC14	139.81054	-31.38693667	1	2007	10	2008	07
SOC15	139.86504	-32.31969	1	2007	10	2008	06
SOC16	140.79349	-31.5931	1	2007	10	2008	06
SOC17	139.34082	-30.45503333	1	2008	04	2008	08
CCJN	118.7677	-22.5752	1	2016	01	2017	05
CCJS	118.7841	-22.9358	1	2015	08	2016	11
CCL3	117.0371	-25.2758	1	2015	07	2016	09
CCM2	117.3403	-25.1663	1	2015	07	2017	05
CCMG	117.266	-25.5939	1	2016	05	2016	05
CCMH	117.6032	-26.1632	1	2015	07	2017	05
CCMI	118.2929	-25.1067	1	2015	07	2017	05
CCMU	118.5381	-24.7105	1	2015	10	2017	10
CCTG	119.0183	-24.3486	1	2017	05	2017	10
CCVC	118.0239	-24.1792	1	2016	05	2017	10
CCVN	117.7503	-23.7278	1	2016	12	2017	10
CCVS	118.5133	-24.3189	1	2017	05	2017	10
CCWO	117.9626	-24.7054	1	2015	10	2017	10
CE3C	119.318	-25.1881	1	2017	08	2018	05
CE3N	119.4573	-24.9745	1	2015	07	2017	08
CE3S	119.3264	-25.4041	1	2015	11	2016	12
CEB2	119.6834	-24.05	1	2017	10	2018	09
CEB3	119.667	-23.8	1	2017	05	2017	08
CEBU	118.1005	-25.9106	1	2015	11	2017	10
CEBY	115.9653	-25.7967	1	2015	07	2017	05
CEDG	119.2147	-25.6745	1	2015	04	2017	08
CEDS	119.0654	-25.8781	1	2017	08	2018	05
CEEN	120.148	-22.9162	1	2017	05	2018	09
CEES	120.0	-23.181	1	2017	05	2018	09
CEHR	119.276	-23.145	1	2018	01	2018	05
CEJC	118.7603	-22.7527	1	2017	10	2018	05
CEKI	118.7397	-26.1813	1	2015	05	2017	05
CEKN	119.6843	-24.5816	1	2017	08	2018	05
CEKU	119.5921	-24.8062	1	2016	05	2017	05
CEMD	118.6837	-22.2845	1	2015	12	2017	04
CEMR	118.8172	-23.053	1	2016	01	2016	11
CEMS	118.764	-22.5034	1	2017	05	2017	10
CENE	119.8	-23.4501	1	2017	05	2017	10
CEPA	118.7273	-25.9721	1	2017	08	2018	04
CESC	118.8445	-23.2355	1	2016	12	2017	10
CESV	119.7908	-23.5933	1	2017	01	2018	05
CETE	119.1131	-23.9261	1	2017	05	2017	10
CETU	118.652	-23.623	1	2018	02	2018	05
CEWS	119.7098	-24.2677	1	2017	01	2018	05
CEY3	117.9661	-25.405	1	2017	05	2017	10
CEYN	118.0324	-25.3346	1	2015	07	2016	12
CEYO	118.3458	-26.2639	1	2015	11	2016	12
CLDD	117.1598	-24.032	1	2014	03	2016	10
CLGF	115.6436	-22.9279	1	2015	11	2017	10
CLHA	117.6703	-22.2799	1	2014	03	2016	05
CLMM	116.536	-26.15	1	2014	03	2017	10
CLNA	115.493	-22.5398	1	2014	03	2015	06
CLNO	120.237	-22.2604	1	2014	03	2016	05
CLPA	119.7409	-26.3658	1	2014	03	2017	09
CLWE	120.1593	-23.8631	1	2014	03	2015	11
CLWI	115.2912	-24.2142	1	2014	03	2015	07
CWA1	117.1587	-23.1093	1	2014	03	2016	05
CWA2	117.027	-23.393	1	2015	07	2017	06
CWA3	117.2671	-23.611	1	2014	03	2014	12
CWDC	115.6194	-25.3025	1	2014	10	2015	04
CWED	116.0998	-23.7694	1	2014	03	2015	07
CWG1	117.4425	-24.4409	1	2014	03	2015	10
CWG2	116.8841	-24.3847	1	2014	03	2015	04
CWGF	116.0543	-23.0611	1	2014	03	2015	07
CWIN	116.526	-25.701	1	2014	03	2015	07
CWJJ	115.1306	-25.031	1	2014	07	2017	10
CWL1	116.8564	-25.131	1	2014	02	2016	03
CWL2	116.647	-25.34	1	2014	03	2015	07
CWLY	115.224	-23.6247	1	2014	07	2016	11
CWM1	117.5944	-25.0981	1	2014	03	2015	07
CWMC	115.6639	-24.0118	1	2014	03	2015	04
CWMD	116.0649	-25.0182	1	2014	03	2015	07
CWMH	115.6395	-23.3669	1	2015	04	2015	07
CWMJ	116.8933	-24.8267	1	2014	03	2015	04
CWMP	116.4331	-24.2052	1	2014	03	2015	04
CWMS	116.5673	-22.4996	1	2014	07	2015	06
CWR1	117.6121	-22.6375	1	2014	03	2017	04
CWR2	117.8326	-22.8413	1	2014	03	2015	03
CWR3	117.5479	-23.2072	1	2014	03	2015	07
CWUA	115.2992	-23.1026	1	2014	03	2015	11
CWWA	116.6744	-23.6919	1	2014	03	2015	10
CWWB	117.3876	-24.7716	1	2014	03	2016	08
CWWI	115.1478	-23.8523	1	2014	03	2014	07
CWWY	116.2865	-22.7801	1	2014	03	2015	04
CWYI	116.1615	-24.6498	1	2014	03	2015	10
LFA01	141.1532	-37.6892	1	1998	05	1998	09
LFA02	141.479	-37.7328	1	1998	05	1998	09
LFA03	141.8303	-37.7819	1	1998	05	1998	09
LFA04	142.1467	-37.8135	1	1998	05	1998	09
LFA05	142.4796	-37.866	1	1998	05	1998	09
LFA06	142.835	-37.8964	1	1998	05	1998	09
LFA07	143.1535	-37.9344	1	1998	05	1998	09
LFA08	143.5324	-37.9761	1	1998	05	1998	09
LFA09	143.8154	-38.0192	1	1998	05	1998	09
LFA10	144.2076	-38.0386	1	1998	05	1998	09
LFB01	141.2713	-37.2329	1	1998	05	1998	09
LFB02	141.5685	-37.2794	1	1998	05	1998	09
LFB03	141.9129	-37.3326	1	1998	05	1998	09
LFB04	142.1848	-37.3531	1	1998	05	1998	09
LFB05	142.5906	-37.4351	1	1998	05	1998	09
LFB06	142.9173	-37.4672	1	1998	05	1998	09
LFB07	143.2515	-37.5014	1	1998	05	1998	09
LFB08	143.5741	-37.5516	1	1998	05	1998	09
LFB09	143.9546	-37.5942	1	1998	05	1998	09
LFB10	144.2545	-37.6234	1	1998	05	1998	09
LFC01	141.3434	-36.793	1	1998	05	1998	09
LFC02	141.6721	-36.8455	1	1998	05	1998	09
LFC03	142.017	-36.911	1	1998	05	1998	09
LFC04	142.3392	-36.9257	1	1998	05	1998	09
LFC05	142.7011	-36.9896	1	1998	05	1998	09
LFC06	142.9919	-37.0105	1	1998	05	1998	09
LFC07	143.3405	-37.0477	1	1998	05	1998	09
LFC08	143.6639	-37.0944	1	1998	05	1998	09
LFC09	144.0036	-37.1374	1	1998	05	1998	09
LFC10	144.3425	-37.1738	1	1998	05	1998	09
LFD01	141.4445	-36.3633	1	1998	05	1998	09
LFD02	141.7508	-36.4216	1	1998	05	1998	09
LFD03	142.1038	-36.4251	1	1998	05	1998	09
LFD04	142.4219	-36.4952	1	1998	05	1998	09
LFD05	142.7534	-36.5331	1	1998	05	1998	09
LFD06	143.116	-36.5624	1	1998	05	1998	09
LFD07	143.4214	-36.6147	1	1998	05	1998	09
LFD08	143.7626	-36.6612	1	1998	05	1998	09
LFD09	144.093	-36.678	1	1998	05	1998	09
LFD10	144.434	-36.7466	1	1998	05	1998	09
STA1	146.8297	-41.8138	1	2006	10	2007	08
STA2	147.1068	-41.7917	1	2006	10	2007	07
STA3	147.4463	-41.7301	1	2006	10	2006	11
STA4	147.7759	-41.6312	1	2006	11	2007	08
STB1	146.6327	-42.0014	1	2006	10	2007	08
STB2	146.864	-41.9627	1	2006	10	2007	07
STB3	147.1022	-41.9462	1	2006	10	2007	08
STB4	147.3134	-41.9095	1	2006	10	2007	08
STB5	147.4988	-41.917	1	2006	10	2007	08
STB6	147.7239	-41.8166	1	2006	10	2007	08
STB7	147.9578	-41.7838	1	2006	10	2007	08
STC1	146.4666	-42.1496	1	2006	10	2007	08
STC2	146.7357	-42.1634	1	2006	10	2007	07
STC3	146.8952	-42.1127	1	2006	10	2007	06
STC4	147.1046	-42.103	1	2006	10	2007	06
STC5	147.3018	-42.0528	1	2006	10	2007	08
STC6	147.5233	-42.0038	1	2006	10	2007	08
STC7	147.7201	-42.0014	1	2006	10	2007	07
STC8	147.9203	-41.9443	1	2006	10	2007	08
STD1	146.6666	-42.308	1	2006	10	2007	08
STD2	146.8856	-42.2684	1	2006	10	2007	08
STD3	147.0827	-42.2683	1	2006	10	2007	06
STD4	147.3111	-42.1788	1	2006	10	2007	06
STD5	147.4967	-42.1818	1	2006	10	2007	08
STD6	147.7103	-42.1323	1	2006	10	2007	08
STD7	147.901	-42.1423	1	2006	10	2007	08
STE1	146.7245	-42.467	1	2006	10	2007	08
STE2	146.9328	-42.4345	1	2006	10	2007	08
STE3	147.0938	-42.4044	1	2006	10	2007	04
STE4	147.2907	-42.3674	1	2006	10	2007	06
STE5	147.4975	-42.3278	1	2006	10	2007	08
STE6	147.7028	-42.2808	1	2006	10	2007	08
STF1	146.7612	-42.6512	1	2006	10	2007	08
STF2	146.9435	-42.5973	1	2006	10	2007	08
STF3	147.0767	-42.5676	1	2006	10	2007	06
STF4	147.3101	-42.5401	1	2006	10	2007	06
STF5	147.5645	-42.4963	1	2006	10	2007	08
STF6	147.7032	-42.4413	1	2006	10	2007	08
STG1	147.1342	-42.7184	1	2006	10	2007	08
STG2	147.36	-42.6947	1	2006	10	2007	08
STG3	147.5628	-42.6524	1	2006	10	2007	05
S2A1	144.019	-33.1678	1	2007	02	2007	11
S2A2	144.5142	-33.0814	1	2007	02	2007	11
S2A3	145.0463	-33.0168	1	2007	02	2007	11
S2B1	141.189	-33.2098	1	2007	02	2007	11
S2B2	141.7121	-33.1896	1	2007	02	2007	11
S2B3	142.3236	-33.1371	1	2007	02	2007	09
S2B4	142.9698	-33.1985	1	2007	02	2007	11
S2B5	143.4759	-33.3858	1	2007	02	2007	11
S2B7	144.4973	-33.5749	1	2007	02	2007	11
S2B8	145.067	-33.4919	1	2007	02	2007	11
S2B9	145.6285	-33.4634	1	2007	02	2007	11
S2C1	141.6641	-33.6479	1	2007	02	2007	11
S2C2	142.3411	-33.5727	1	2007	02	2007	11
S2C3	142.9277	-33.6805	1	2007	02	2007	11
S2C4	143.4042	-33.9352	1	2007	02	2007	11
S2C5	143.9177	-34.115	1	2007	02	2007	11
S2C6	144.4874	-34.0095	1	2007	02	2007	11
S2C8	145.6395	-33.8909	1	2007	04	2007	10
S2D1	140.9365	-33.8894	1	2007	02	2007	11
S2D2	141.4421	-34.0869	1	2007	02	2007	11
S2D3	142.1496	-34.0132	1	2007	02	2007	11
S2D4	142.8257	-34.1872	1	2007	02	2007	11
S2D5	143.4121	-34.4148	1	2007	02	2007	10
S2D6	143.9967	-34.5418	1	2007	02	2007	11
S2D7	144.482	-34.481	1	2007	02	2007	11
S2D8	145.1218	-34.4561	1	2007	02	2007	11
S2D9	145.589	-34.3902	1	2007	02	2007	11
S2E1	142.4675	-34.4921	1	2007	02	2007	11
S2E2	143.3386	-34.8649	1	2007	02	2007	11
S2E4	145.1378	-35.0015	1	2007	02	2007	11
S2E5	145.6632	-34.9615	1	2007	02	2007	11
BA01	144.73974	-40.52483	1	2011	08	2012	09
BA02	145.20213	-40.95098	1	2011	08	2012	09
BA03	145.84111	-41.19875	1	2011	06	2012	09
BA04	146.70518	-41.19824	1	2011	05	2012	07
BA05	147.5069	-41.0501	1	2011	06	2012	05
BA06	148.1761	-40.89964	1	2011	07	2012	07
BA07	148.31154	-40.42554	1	2011	06	2012	09
BA08	147.96601	-39.77444	1	2011	06	2012	09
BA09	147.31826	-39.47028	1	2011	06	2012	09
BA10	144.02891	-40.05696	1	2011	06	2012	08
BA11	143.97663	-39.64437	1	2012	01	2012	08
BA12	149.41178	-37.66176	1	2011	06	2013	04
BA13	148.82774	-37.62816	1	2011	06	2013	04
BA14	148.00447	-37.63047	1	2011	06	2013	04
BA15	147.18635	-37.96711	1	2011	06	2013	02
BA16	146.64267	-38.53107	1	2011	06	2013	01
BA17	146.327	-39.03519	1	2011	06	2013	04
BA18	146.14277	-38.02499	1	2011	06	2013	04
BA19	145.69072	-38.56646	1	2011	06	2013	04
BA20	144.91969	-38.42036	1	2011	06	2013	04
BA21	143.98995	-38.39083	1	2011	06	2013	04
BA22	143.60543	-37.98606	1	2011	06	2013	04
BA23	143.43091	-38.67682	1	2011	06	2012	07
BA24	142.54096	-38.25563	1	2011	06	2013	04
E2A0	145.0106	-30.6856	1	2010	05	2011	03
E2A1	145.6104	-30.6307	1	2010	05	2010	12
E2A2	146.0954	-30.5576	1	2010	05	2011	02
E2A3	146.7354	-30.623	1	2010	05	2011	03
E2A4	147.2946	-30.528	1	2010	05	2011	03
E2A5	147.8471	-30.4708	1	2010	08	2011	02
E2A7	148.9604	-30.5549	1	2010	08	2011	03
E2A8	149.5037	-30.5485	1	2010	08	2011	02
E2A9	150.0129	-30.5437	1	2010	08	2011	02
E2B1	145.6069	-31.1731	1	2010	05	2011	03
E2B2	146.1867	-31.0704	1	2010	05	2011	02
E2B3	146.7334	-31.0475	1	2010	05	2011	03
E2B4	147.2258	-31.0395	1	2010	05	2011	02
E2B5	147.8332	-31.0514	1	2010	05	2011	03
E2B6	148.3995	-31.0311	1	2010	05	2011	01
E2B7	148.9093	-31.0343	1	2010	08	2010	12
E2B8	149.5325	-31.0247	1	2010	08	2011	02
E2B9	150.0395	-31.0332	1	2010	08	2011	03
E2C0	144.9734	-31.6696	1	2010	11	2011	02
E2C1	145.5976	-31.5968	1	2010	05	2011	03
E2C2	146.2144	-31.536	1	2010	05	2011	03
E2C3	146.7393	-31.5283	1	2010	05	2011	02
E2C4	147.2452	-31.4767	1	2010	05	2011	03
E2C5	147.8235	-31.4993	1	2010	08	2010	11
E2C6	148.3959	-31.4899	1	2010	05	2011	03
E2C7	148.9302	-31.5103	1	2010	05	2010	11
E2C8	149.4648	-31.4607	1	2010	05	2010	09
E2C9	150.0132	-31.4426	1	2010	05	2011	02
E2D1	145.6583	-32.0754	1	2010	08	2011	02
E2D2	146.2084	-32.0524	1	2010	05	2010	11
E2D3	146.772	-31.9549	1	2010	05	2011	03
E2D4	147.284	-31.9761	1	2010	05	2011	02
E2D5	147.8737	-31.9743	1	2010	05	2011	03
E2D6	148.3939	-31.9716	1	2010	05	2011	01
E2D7	148.9486	-31.9561	1	2010	05	2011	02
E2D8	149.4986	-31.9325	1	2010	05	2010	11
E2D9	150.0149	-31.9145	1	2010	05	2011	03
E2E0	144.9818	-32.609	1	2010	11	2011	03
E2E1	145.6523	-32.5124	1	2010	05	2010	12
E2E2	146.2014	-32.5199	1	2010	05	2010	11
E2E3	146.7675	-32.4417	1	2010	05	2011	03
E2E4	147.2868	-32.446	1	2010	05	2011	03
E2E5	147.8563	-32.4673	1	2010	05	2011	03
E2E6	148.4113	-32.4197	1	2010	05	2011	03
E2E7	148.9339	-32.4296	1	2010	05	2011	03
E2E8	149.4403	-32.4522	1	2010	05	2011	03
E2E9	150.0416	-32.4488	1	2010	05	2011	03
E2F1	145.5988	-32.9321	1	2010	05	2011	02
E2F2	146.7449	-32.8756	1	2010	05	2011	03
E2F3	147.8573	-32.8848	1	2010	05	2011	03
E2F4	148.9093	-32.8998	1	2010	05	2011	02
E2F5	149.9907	-32.8485	1	2010	05	2011	03
BL01	137.78151	-19.92635	1	2008	09	2010	12
BL02	136.95413	-19.87102	1	2008	09	2011	02
BL03	136.14584	-19.74057	1	2008	09	2011	02
BL04	135.37101	-19.33215	1	2008	09	2010	02
BL05	134.54452	-19.43195	1	2008	09	2009	09
BL06	134.04558	-18.87315	1	2008	09	2011	03
BL07	134.33013	-19.92134	1	2008	09	2011	05
BL08	134.29629	-20.59152	1	2008	09	2011	02
BL09	134.02509	-21.11435	1	2008	09	2011	05
BL10	133.71272	-21.5827	1	2008	09	2011	05
BL11	133.48996	-22.15273	1	2008	09	2011	05
BL12	133.48053	-22.73856	1	2008	09	2011	05
BL13	133.48275	-23.40137	1	2008	09	2011	05
BL14	133.36761	-23.92982	1	2008	09	2011	05
BL15	133.28708	-24.38754	1	2008	09	2011	05
BL16	133.30189	-24.92318	1	2008	09	2011	03
BL17	133.11106	-25.54872	1	2008	09	2011	05
BL18	133.29505	-26.1459	1	2008	08	2010	11
BL19	133.30983	-26.67183	1	2008	09	2011	05
BL20	133.53237	-27.37108	1	2008	08	2010	07
BL21	134.16276	-27.93073	1	2008	08	2009	03
BL22	134.40654	-28.99776	1	2008	08	2009	03
BL23	134.62849	-30.19347	1	2008	08	2010	10
BL24	135.28295	-31.27692	1	2008	08	2011	05
BL25	135.09094	-32.14589	1	2008	08	2011	05
AQT01	143.8113	-22.9174	1	2015	11	2017	03
AQT02	143.0632	-22.2725	1	2015	11	2017	10
AQT03	142.3282	-21.6381	1	2015	11	2017	10
AQT04	141.9106	-22.2372	1	2015	11	2017	10
AQT05	141.0467	-22.7133	1	2015	12	2016	10
AQT06	139.0811	-22.9126	1	2015	12	2017	10
AQT07	139.5796	-23.8423	1	2015	12	2017	10
AQT08	139.5949	-24.7972	1	2015	12	2017	10
AQTA2	139.9554	-21.6741	1	2016	05	2017	07
AQTA3	140.2364	-21.2518	1	2016	05	2017	10
AQTA4	140.9992	-21.6638	1	2016	05	2017	09
AQTA5	141.4088	-21.3479	1	2016	05	2017	09
AQTA7	142.4341	-21.3458	1	2016	05	2017	03
AQTA8	143.1655	-21.6495	1	2016	05	2017	10
AQTB1	139.5003	-21.9738	1	2016	05	2017	10
AQTB2	140.0621	-22.2914	1	2016	05	2017	10
AQTB3	140.6036	-21.9099	1	2016	05	2017	10
AQTB4	141.2824	-22.2877	1	2016	05	2017	07
AQTB5	141.8971	-22.1627	1	2016	05	2017	10
AQTB6	142.4525	-22.2546	1	2016	05	2017	10
AQTB7	142.7857	-21.9314	1	2016	05	2017	10
AQTB8	143.5103	-22.3032	1	2016	05	2017	10
AQTC1	139.724	-22.5687	1	2016	05	2017	10
AQTC2	140.4648	-22.8827	1	2016	05	2017	07
AQTC3	140.9175	-22.7171	1	2016	05	2017	10
AQTC4	141.6118	-22.8553	1	2016	05	2017	07
AQTC5	142.3023	-22.6267	1	2016	05	2017	08
AQTC6	142.7817	-22.9032	1	2016	05	2016	12
AQTC7	143.2252	-22.5796	1	2016	05	2017	07
AQTC8	143.8112	-22.9175	1	2016	05	2017	03
AQTD1	139.928	-23.1922	1	2016	05	2017	06
AQTD5	142.365	-23.1908	1	2016	05	2017	10
AQTD6	143.0439	-23.4989	1	2016	05	2017	07
AQTD7	143.5041	-23.2112	1	2016	05	2017	10
AQTD8	144.2437	-23.5056	1	2016	05	2017	10
AQTE2	141.159	-24.1974	1	2016	05	2017	07
AQTE4	142.1947	-24.1028	1	2016	05	2017	10
AQTE5	142.6063	-23.7512	1	2016	05	2017	10
AQTE6	143.4033	-24.0907	1	2016	03	2017	07
AQTE7	143.8283	-23.7521	1	2016	05	2017	10
AQTE8	144.589	-24.0921	1	2016	03	2017	10
AQTF1	140.6326	-24.5646	1	2016	05	2017	10
AQTF2	141.3096	-24.695	1	2016	05	2017	08
AQTF3	141.6029	-24.44	1	2016	05	2017	07
AQTF4	142.504	-24.7379	1	2016	05	2017	07
AQTF5	142.9355	-24.3783	1	2016	03	2017	10
AQTF6	143.8317	-24.7048	1	2016	03	2017	09
AQTF7	144.1918	-24.3968	1	2016	03	2017	10
AQTF8	144.9813	-24.7158	1	2016	03	2017	09
AQTG1	140.7598	-24.9475	1	2016	05	2017	07
AQTG2	141.5433	-25.3829	1	2016	03	2017	07
AQTG3	141.8919	-24.962	1	2016	05	2017	07
AQTG4	142.8288	-25.3734	1	2016	03	2017	10
AQTG5	143.2199	-24.9952	1	2016	03	2017	08
AQTG6	144.0592	-25.3251	1	2016	03	2017	05
AQTG7	144.462	-24.9816	1	2016	03	2017	10
AQTG8	145.3331	-25.3524	1	2016	03	2017	06
AQTH1	140.9753	-25.6633	1	2016	05	2017	08
AQTH2	141.8491	-25.9378	1	2016	05	2017	10
AQTH3	142.1378	-25.6207	1	2016	05	2017	10
AQTH4	143.1147	-25.9677	1	2016	05	2017	10
AQTH5	143.5871	-25.6555	1	2016	03	2017	07
AQTH6	144.4499	-25.935	1	2016	10	2017	10
AQTH7	144.8235	-25.6015	1	2016	03	2017	10
AQTH8	145.7303	-25.9603	1	2016	03	2017	04
AQTI1	141.2209	-26.241	1	2016	05	2017	03
AQTI2	142.1333	-26.604	1	2016	05	2017	10
AQTI3	142.6262	-26.27	1	2016	05	2017	10
AQTI4	143.3849	-26.5202	1	2016	03	2017	10
AQTI5	143.9285	-26.319	1	2016	03	2017	10
AQTI6	144.7603	-26.6335	1	2017	03	2017	10
AQTI7	145.1919	-26.2943	1	2016	03	2017	10
AQTI8	146.0603	-26.5186	1	2016	05	2017	10
AQTJ1	141.5488	-26.8264	1	2016	03	2017	10
AQTJ2	142.3724	-27.1375	1	2016	03	2017	10
AQTJ3	142.8826	-26.8112	1	2016	03	2017	10
AQTJ4	143.8063	-27.1525	1	2016	03	2017	10
AQTJ5	144.281	-26.8145	1	2016	03	2017	03
AQTJ6	145.099	-27.1505	1	2016	03	2017	09
AQTJ7	145.623	-26.8384	1	2016	03	2017	10
AQTJ8	146.4915	-27.1461	1	2016	03	2017	10
AQTK1	141.7822	-27.3059	1	2016	03	2017	10
AQTK3	143.028	-27.3081	1	2016	03	2017	01
AQTK5	144.3473	-27.3199	1	2016	03	2017	10
AQTL1	139.1746	-21.3657	1	2016	05	2017	04
AQTL2	140.8525	-21.1336	1	2016	05	2017	10
AQTL3	141.9497	-20.934	1	2016	05	2017	08
SA01	143.1801	-13.9586	1	1993	06	1993	10
SA02	144.4847	-17.3633	1	1993	06	1993	08
SA03	142.6678	-20.338	1	1993	05	1993	10
SA04	140.144	-22.9418	1	1993	05	1993	10
SA05	144.2723	-23.2005	1	1993	05	1993	10
SA06	148.3086	-22.892	1	1993	05	1993	09
SA07	146.7817	-26.0327	1	1993	05	1993	10
SA08	150.8926	-25.7084	1	1993	05	1993	10
SB01	139.5887	-25.7923	1	1993	11	1994	01
SB03	140.265	-28.6002	1	1993	11	1994	01
SB04	145.0061	-29.3367	1	1993	11	1993	12
SB05	141.5953	-31.8789	1	1993	11	1994	01
SB06	140.1462	-35.03666	1	1993	11	1994	04
SB07	144.5077	-34.6577	1	1994	02	1994	04
SB08	141.9757	-37.4328	1	1993	11	1994	04
SB09	146.8575	-32.2892	1	1993	12	1994	04
SB10	149.0125	-28.6597	1	1993	12	1994	03
SC01	131.5017	-13.4	1	1994	05	1994	10
SC02	134.0045	-14.8857	1	1994	05	1994	08
SC03	129.3168	-16.6298	1	1994	08	1994	10
SC04	133.3075	-16.6055	1	1994	05	1994	08
SC05	135.7839	-16.967	1	1994	05	1994	09
SC06	128.1179	-19.1437	1	1994	06	1994	10
SC07	138.3294	-19.3691	1	1994	05	1994	08
SC08	131.3672	-22.2748	1	1994	06	1994	10
SC09	136.2953	-22.3969	1	1994	05	1994	08
SC10	133.3241	-25.19	1	1994	08	1994	10
SD01	128.3035	-25.0338	1	1995	05	1995	05
SD02	133.3251	-25.1907	1	1995	03	1995	05
SD03	125.1857	-27.0515	1	1995	03	1995	08
SD04	128.9887	-28.5104	1	1995	03	1995	04
SD05	133.5851	-29.0013	1	1995	03	1995	08
SD06	135.9021	-28.4963	1	1995	03	1995	05
SD07	125.3216	-31.0807	1	1995	03	1995	07
SD08	130.4109	-30.7208	1	1995	03	1995	08
SD09	139.4215	-30.4324	1	1995	03	1995	05
SD10	136.0657	-32.8436	1	1995	03	1995	06
KA02	128.0	-16.0128	1	1997	07	1997	10
KA03	127.2478	-15.9282	1	1997	07	1997	10
KA05	124.9123	-16.8195	1	1997	07	1997	10
KA07	124.077721	-18.182199	1	1997	07	1997	10
KA08	126.01612	-18.868	1	1997	07	1997	10
KA09	127.4645	-17.2813	1	1997	07	1997	10
KA10	128.4787	-16.5962	1	1997	07	1997	10
WR01	116.1192	-22.5431	1	2000	07	2001	01
WR02	119.9672	-23.9436	1	2000	07	2001	01
WR03	115.374	-24.4078	1	2000	07	2001	03
WR04	121.9324	-26.1861	1	2000	07	2001	01
WR05	117.9824	-26.3237	1	2000	07	2001	07
WR06	115.8435	-28.3841	1	2000	07	2001	01
WR07	122.4517	-28.4754	1	2000	07	2000	10
WR08	118.3518	-30.7247	1	2000	10	2001	07
WR09	122.7921	-32.0364	1	2000	10	2001	07
WR10	119.6784	-32.856	1	2000	10	2001	07
WR11	116.0545	-34.0058	1	2000	10	2001	07
WS01	118.9104	-27.4222	1	2000	07	2000	10
WS02	118.9495	-26.7681	1	2000	07	2000	07
WS03	119.1048	-26.103	1	2000	07	2000	10
WS04	118.7924	-25.5353	1	2000	08	2000	10
WS05	118.7502	-24.9813	1	2000	07	2000	10
WS06	118.9733	-24.3993	1	2000	07	2000	10
WS07	119.1585	-23.5312	1	2000	07	2000	10
WT02	116.6072	-31.8453	1	2000	10	2001	04
WT03	117.2649	-31.8316	1	2000	10	2001	04
WT04	117.7736	-31.5081	1	2000	10	2001	04
WT05	118.3594	-31.2958	1	2000	10	2001	04
WT06	118.939	-31.1259	1	2000	10	2001	04
WT08	120.5363	-31.1275	1	2000	10	2001	04
WT09	121.7726	-30.7807	1	2000	10	2001	04
HPS01	116.6514	-23.7715	1	2014	10	2015	06
HPS02	116.6177	-23.8322	1	2014	10	2015	10
HPS03	116.5675	-23.8925	1	2014	10	2015	09
HPS04	116.5074	-23.9274	1	2014	10	2015	09
HPS05	116.4743	-23.991	1	2014	10	2015	10
HPS06	116.4632	-24.0288	1	2014	10	2015	09
HPS07	116.4519	-24.0617	1	2014	10	2015	09
HPS08	116.4499	-24.0964	1	2014	10	2015	10
HPS09	116.4453	-24.1333	1	2014	10	2015	10
HPS10	116.4402	-24.1683	1	2014	10	2015	10
HPS11	116.4105	-24.2354	1	2014	10	2015	07
HPS12	116.3841	-24.2606	1	2014	10	2015	09
HPS13	116.3099	-24.2833	1	2014	10	2015	09
HPS14	116.2952	-24.2992	1	2014	10	2015	07
HPS15	116.2871	-24.3146	1	2014	10	2015	10
HPS16	116.2912	-24.3334	1	2014	10	2015	07
HPS17	116.298	-24.3513	1	2014	10	2015	09
HPS18	116.2999	-24.3706	1	2014	10	2015	07
HPS19	116.301	-24.3872	1	2014	10	2015	09
HPS20	116.2987	-24.4069	1	2014	10	2015	02
HPS21	116.2959	-24.4238	1	2014	10	2015	10
HPS22	116.3439	-24.2704	1	2014	11	2015	04
HPS23	116.2909	-24.4567	1	2014	10	2015	10
HPS24	116.2737	-24.4785	1	2014	10	2015	07
HPS25	116.2558	-24.5004	1	2014	11	2015	10
HPS26	116.3762	-24.166	1	2015	07	2015	10
HPS27	116.3071	-24.1241	1	2015	07	2015	10
HPS28	116.5311	-24.2186	1	2015	07	2015	10
HPS29	116.6102	-24.2133	1	2015	07	2015	10
CLIF	146.1736	-38.0115	1	2012	01	2599	12
DDSW	147.2804	-38.2551	1	2012	01	2599	12
DEAL	147.3137	-39.4725	1	2012	01	2599	12
WPSH	146.3816	-39.0977	1	2012	01	2599	12
WGBM	150.575	-33.866	1	1993	11	2599	01
LRSE	147.4820	-38.1420	1	2012	01	2599	01
LRSH	147.3977	-38.1891	1	2012	01	2599	01
MARD	146.1694	-38.4619	1	2021	09	2599	01
SCMB	147.4389	-38.1158	1	2021	09	2599	01
STBK	147.0552	-38.3045	1	2021	09	2599	01
ARKL	139.339	-30.276	1	1900	01	2599	01
HGB	144.306	-38.186	1	1995	10	1999	6
ONGER	118.39563	-33.86366	1	2020	6	2599	12
BCON	117.7649	-30.33585	1	2020	6	2599	12
WATNG	118.19845	-30.7323	1	2020	6	2599	12
KORDA	117.50301	-30.87687	1	2020	6	2599	12
KANBL	121.61459	-30.58925	1	2020	6	2599	12